    0.1000  1.8724608557e-01  0.0000000000e+00  1.8728635489e-01  0.0000000000e+00
    0.2000  3.1641735781e-01  1.4753656013e-05  1.2964984279e-01  -4.6381689246e-04
    0.3000  3.8761571009e-01  2.0020342586e-05  7.1380527476e-02  -1.6215485318e-04
    0.4000  4.0596710435e-01  2.1056453034e-05  1.8936362099e-02  -5.6391138762e-04
    0.5000  3.8109959480e-01  2.0381387904e-05  -2.4983044929e-02  1.3591676187e-04
    0.6000  3.2626448317e-01  1.0179695125e-04  -5.4660289387e-02  -7.3025288123e-05
    0.7000  2.5674127617e-01  1.1446385772e-03  -6.8470248422e-02  9.1679993958e-05
    0.8000  1.8705428638e-01  2.9088711493e-03  -6.6675861285e-02  -1.0225734827e-04
    0.9000  1.2736139508e-01  3.9795626630e-03  -5.5783491756e-02  7.0163110994e-05
    1.0000  8.1761225884e-02  4.1322409590e-03  -4.1064524317e-02  -4.0340391623e-04
    1.1000  4.9746379953e-02  3.2815192996e-03  -2.8695835517e-02  -3.7491114352e-05
    1.2000  2.8788361243e-02  2.3528069482e-03  -1.8679348457e-02  7.4136694323e-05
    1.3000  1.5995776449e-02  1.6534544222e-03  -1.0865631211e-02  -2.7349916127e-04
    1.4000  8.7847170177e-03  9.4790185774e-04  -6.1455992819e-03  -1.1755829112e-04
    1.5000  5.1057901635e-03  4.5401105626e-04  -3.1718662660e-03  -5.3049532030e-05
    1.6000  3.5256050403e-03  1.6891118142e-04  -1.2681933145e-03  -1.4308062721e-04
    1.7000  3.2294231349e-03  1.6201521692e-05  -2.8603829215e-04  6.0579083974e-06
    1.8000  3.9495000249e-03  0.0000000000e+00  8.6773679977e-04  -1.4765990975e-04
    1.9000  5.8548975590e-03  0.0000000000e+00  1.8615396526e-03  4.3857881601e-05
    2.0000  9.4411084462e-03  0.0000000000e+00  3.7196327314e-03  -1.3342184418e-04
    2.1000  1.5457261290e-02  0.0000000000e+00  6.1482833854e-03  -1.3213054157e-04
    2.2000  2.4863673347e-02  0.0000000000e+00  9.7367664983e-03  -3.3035444157e-04
    2.3000  3.8801143400e-02  0.0000000000e+00  1.4035057080e-02  -9.7587026259e-05
    2.4000  5.8552040559e-02  0.0000000000e+00  1.9993786252e-02  -2.4288909305e-04
    2.5000  8.5513826702e-02  0.0000000000e+00  2.7125262392e-02  -1.6347624895e-04
    2.6000  1.2115858412e-01  0.0000000000e+00  3.6164729558e-02  -5.1997213974e-04
    2.7000  1.6699934134e-01  0.0000000000e+00  4.6356831525e-02  -5.1607430693e-04
    2.8000  2.2454702206e-01  0.0000000000e+00  5.7560673839e-02  -1.2993120404e-05
    2.9000  2.9527570935e-01  0.0000000000e+00  7.0775957992e-02  -4.7270696458e-05
    3.0000  3.8058487821e-01  0.0000000000e+00  8.6157454904e-02  -8.4828604319e-04
    3.1000  4.8177311679e-01  0.0000000000e+00  1.0131509060e-01  -1.2685202941e-04
    3.2000  5.9333498388e-01  0.0000000000e+00  1.1210986066e-01  -5.4799356730e-04
    3.3000  6.4123754771e-01  1.3905730515e-05  4.8406923462e-02  -4.9045390558e-04
    3.4000  6.3408829861e-01  2.1044102077e-05  -7.2244028085e-03  9.6197810294e-05
    3.5000  5.8318272088e-01  2.9445514047e-05  -5.0441364742e-02  -4.3476747022e-04
    3.6000  5.0223220566e-01  5.8407610872e-04  -8.0762621302e-02  3.9618218678e-04
    3.7000  4.0630017327e-01  2.1754664027e-03  -9.3447291339e-02  -3.0927464759e-04
    3.8000  3.0963747616e-01  3.7321380937e-03  -9.3549600851e-02  6.1904183861e-04
    3.9000  2.2312668010e-01  4.9350814396e-03  -8.2306021316e-02  7.3030669218e-04
    4.0000  1.5264941783e-01  5.4173930085e-03  -6.5232550643e-02  1.7268138685e-04
    4.1000  9.9399619083e-02  4.8567238478e-03  -4.8661636190e-02  2.6856128718e-04
    4.2000  6.1621882221e-02  3.8086686840e-03  -3.4593072853e-02  6.2400467516e-04
    4.3000  3.6359728558e-02  2.8127498934e-03  -2.3134129512e-02  6.8472574274e-04
    4.4000  2.0502500376e-02  1.8969494774e-03  -1.4768993709e-02  8.0871500349e-04
    4.5000  1.1251026635e-02  1.2066584150e-03  -8.7576493334e-03  7.1283400710e-04
    4.6000  6.3131079259e-03  6.3927707252e-04  -5.0800605777e-03  7.8141894153e-04
    4.7000  3.9935595564e-03  2.6095834015e-04  -2.8751607263e-03  8.1657069699e-04
    4.8000  3.2247957534e-03  6.5656895844e-05  -1.4561530103e-03  7.5304610319e-04
    4.9000  3.5241835512e-03  0.0000000000e+00  -6.0758495064e-04  9.0697274846e-04
    5.0000  4.8932773337e-03  0.0000000000e+00  4.9410942223e-04  8.7498436028e-04
    5.1000  7.7025455017e-03  0.0000000000e+00  2.0531762137e-03  7.5609195428e-04
    5.2000  1.2602242356e-02  0.0000000000e+00  4.2253457376e-03  6.7435111656e-04
    5.3000  2.0469838836e-02  0.0000000000e+00  7.2012124481e-03  6.6638403156e-04
    5.4000  3.2374440654e-02  0.0000000000e+00  1.1325625972e-02  5.7897584706e-04
    5.5000  4.9543090958e-02  0.0000000000e+00  1.6614158638e-02  5.5449166531e-04
    5.6000  7.3329903001e-02  0.0000000000e+00  2.3714293847e-02  7.2518196383e-05
    5.7000  1.0518184139e-01  0.0000000000e+00  3.1275084736e-02  5.7685365355e-04
    5.8000  1.4659747662e-01  0.0000000000e+00  4.1539609184e-02  -1.2397396052e-04
    5.9000  1.9909285003e-01  0.0000000000e+00  5.2007731430e-02  4.8764198781e-04
    6.0000  2.6416364636e-01  0.0000000000e+00  6.5512907344e-02  -4.4211102128e-04
    6.1000  3.4324507018e-01  0.0000000000e+00  7.8950533074e-02  1.3089074849e-04
    6.2000  4.3767911269e-01  0.0000000000e+00  9.4492092600e-02  -5.8050087962e-05
    6.3000  5.4868716805e-01  0.0000000000e+00  1.1100159214e-01  6.4632262225e-06
    6.4000  6.2311095202e-01  1.0523697509e-06  7.5154525466e-02  -7.2968913310e-04
    6.5000  6.3859911840e-01  1.7851893287e-05  1.5207264825e-02  2.9875344822e-04
    6.6000  6.0534371397e-01  2.2744962598e-05  -3.3502843233e-02  2.7018376809e-04
    6.7000  5.3608729197e-01  2.6099154125e-04  -6.8441462912e-02  -5.5396754964e-04
    6.8000  4.4544599115e-01  1.3003383733e-03  -8.9622139559e-02  2.8117711189e-04
    6.9000  3.4823794305e-01  3.2676890153e-03  -9.2951735546e-02  -9.8862353245e-04
    7.0000  2.5697168932e-01  4.6942953066e-03  -8.6057165807e-02  -5.1479261868e-04
    7.1000  1.7969840917e-01  5.1661126379e-03  -7.2265063455e-02  1.5789594125e-04
    7.2000  1.1948040180e-01  4.9840780108e-03  -5.5216549682e-02  -1.7379674588e-05
    7.3000  7.5624089311e-02  4.2728760072e-03  -3.9291785355e-02  -2.9165112902e-04
    7.4000  4.5548163388e-02  3.1288047438e-03  -2.7086511508e-02  1.3939032943e-04
    7.5000  2.6144622454e-02  2.2106782957e-03  -1.7287890277e-02  9.5027638620e-05
    7.6000  1.4456229302e-02  1.4504652172e-03  -1.0222339954e-02  -1.5587980926e-05
    7.7000  7.9658170973e-03  8.4995723570e-04  -5.5417584248e-03  -9.8696543898e-05
    7.8000  4.7226941420e-03  3.8150757098e-04  -2.8561216134e-03  -5.4937709160e-06
    7.9000  3.3995094006e-03  1.3078579661e-04  -1.0740336399e-03  -1.1836530481e-04
    8.0000  3.2796401790e-03  7.7493922583e-06  -1.1224674458e-04  1.2691523038e-07
    8.1000  4.1771883388e-03  0.0000000000e+00  1.0554373192e-03  -1.5788915944e-04
    8.2000  6.3229001428e-03  0.0000000000e+00  2.2838376468e-03  -1.3812584283e-04
    8.3000  1.0258781727e-02  0.0000000000e+00  4.1350074138e-03  -1.9912582930e-04
    8.4000  1.6772381380e-02  0.0000000000e+00  6.4674688263e-03  4.6130826128e-05
    8.5000  2.6857467727e-02  0.0000000000e+00  1.0291765122e-02  -2.0667877466e-04
    8.6000  4.1678461490e-02  0.0000000000e+00  1.4835972414e-02  -1.4978652035e-05
    8.7000  6.2542381895e-02  0.0000000000e+00  2.1085093153e-02  -2.2117274763e-04
    8.8000  9.0860463029e-02  0.0000000000e+00  2.8527627217e-02  -2.0954608310e-04
    8.9000  1.2811312685e-01  0.0000000000e+00  3.7056667916e-02  1.9599590837e-04
    9.0000  1.7581663816e-01  0.0000000000e+00  4.7497748278e-02  2.0576303338e-04
    9.1000  2.3547953960e-01  0.0000000000e+00  6.0017205749e-02  -3.5430431501e-04
    9.2000  3.0856339858e-01  0.0000000000e+00  7.3620347952e-02  -5.3648897297e-04
    9.3000  3.9645516255e-01  0.0000000000e+00  8.8193452594e-02  -3.0168861723e-04
    9.4000  5.0042791996e-01  0.0000000000e+00  1.0369332876e-01  2.7942863853e-04
    9.5000  6.0148771863e-01  0.0000000000e+00  1.0155666589e-01  -4.9686722507e-04
    9.6000  6.4016968028e-01  1.6963004757e-05  3.9107277043e-02  -4.0835238600e-04
    9.7000  6.2553333206e-01  2.3310819510e-05  -1.4757809368e-02  1.4477196654e-04
    9.8000  5.6929383244e-01  5.8274487148e-05  -5.5830386408e-02  -3.5083872036e-04
    9.9000  4.8543636992e-01  8.8766034586e-04  -8.2024459662e-02  -9.4534251333e-04
   10.0000  3.8900188655e-01  2.3411053995e-03  -9.3931764839e-02  -1.6161312670e-04
