    0.0100  2.2276158074e-02  0.0000000000e+00  2.2277168527e-02  0.0000000000e+00
    0.0200  4.4178734399e-02  7.1905910050e-08  2.1902649165e-02  -9.3363679205e-10
    0.0300  6.5690411350e-02  9.1040599102e-08  2.1522710653e-02  -1.0942661719e-05
    0.0400  8.6794684552e-02  9.7296611863e-08  2.1108755336e-02  -4.3848375128e-06
    0.0500  1.0747426436e-01  1.0040716271e-07  2.0698116287e-02  -1.8436074451e-05
    0.0600  1.2771386987e-01  1.0264067873e-07  2.0244765861e-02  -5.0577071428e-06
    0.0700  1.4749651290e-01  1.0453627318e-07  1.9803528498e-02  -2.0780936293e-05
    0.0800  1.6680720316e-01  1.0622691698e-07  1.9310915005e-02  -1.1851797857e-07
    0.0900  1.8563032922e-01  1.0774826524e-07  1.8839251281e-02  -1.6017470982e-05
    0.1000  2.0395011107e-01  0.0000000000e+00  1.8354588802e-02  -3.4806945018e-05
    0.1100  2.2175348601e-01  1.2156290325e-09  1.7805954785e-02  -2.5786321892e-06
    0.1200  2.3902501629e-01  2.4907969990e-09  1.7291058784e-02  -1.9526009465e-05
    0.1300  2.5575030707e-01  3.6602748082e-09  1.6763178152e-02  -3.7883720796e-05
    0.1400  2.7191672085e-01  4.7038139557e-09  1.6159265575e-02  7.1529087988e-06
    0.1500  2.8751138274e-01  5.6208883579e-09  1.5601854450e-02  -7.1869377744e-06
    0.1600  3.0252093013e-01  6.4145969567e-09  1.5031729957e-02  -2.2176149488e-05
    0.1700  3.1693302473e-01  7.0887885921e-09  1.4448989588e-02  -3.6887894448e-05
    0.1800  3.3073600467e-01  7.6474784156e-09  1.3853736321e-02  -5.0748738922e-05
    0.1900  3.4391881721e-01  8.0947203123e-09  1.3163189152e-02  1.9631485813e-05
    0.2000  3.5647190749e-01  8.4345773083e-09  1.2539546500e-02  1.3552215017e-05
    0.2100  3.6838452795e-01  8.6711140989e-09  1.1903758347e-02  8.8707815365e-06
    0.2200  3.7964705592e-01  8.8083947466e-09  1.1255950847e-02  6.5859294154e-06
    0.2300  3.9025060510e-01  8.8504816182e-09  1.0596255420e-02  7.3026084710e-06
    0.2400  4.0018694667e-01  8.8014346272e-09  9.9248086988e-03  1.1541680502e-05
    0.2500  4.0944848861e-01  8.6653105512e-09  9.2417524802e-03  1.9798120867e-05
    0.2600  4.1802918776e-01  8.4461623700e-09  8.6553826712e-03  -7.4675074784e-05
    0.2700  4.2592338558e-01  8.1480386095e-09  7.9530326120e-03  -5.8826646676e-05
    0.2800  4.3312500282e-01  7.7749826880e-09  7.2394919326e-03  -3.7866917465e-05
    0.2900  4.3962899123e-01  7.3310322639e-09  6.5149209977e-03  -1.0925251579e-05
    0.3000  4.4543101224e-01  6.8202185859e-09  5.7794850522e-03  2.2542774711e-05
    0.3100  4.5053185693e-01  6.2465658429e-09  5.1577114137e-03  -5.6860471841e-05
    0.3200  4.5492707245e-01  5.6140905175e-09  4.4043538667e-03  -9.1327365616e-06
    0.3300  4.5861529497e-01  4.9268007395e-09  3.7707303860e-03  -8.2502939917e-05
    0.3400  4.6159951385e-01  4.1886956418e-09  3.0000053954e-03  -1.5782329517e-05
    0.3500  4.6387809096e-01  3.4037647183e-09  2.3549715948e-03  -7.6391075077e-05
    0.3600  4.6545506078e-01  2.5759871835e-09  1.5674556812e-03  9.5167114687e-06
    0.3700  4.6633479242e-01  1.7093313335e-09  9.1146640794e-04  -3.1733054844e-05
    0.3800  4.6652022165e-01  1.0288754141e-07  2.5118042612e-04  -6.5648315083e-05
    0.3900  4.6601798937e-01  9.9753624877e-08  -4.1297484491e-04  -8.9157680648e-05
    0.4000  4.6483650510e-01  9.8270551606e-08  -1.0810778041e-03  -1.0030819094e-04
    0.4100  4.6298548807e-01  9.6837280680e-08  -1.7530341075e-03  -9.7886089365e-05
    0.4200  4.6047579046e-01  9.5391927740e-08  -2.4287484708e-03  -8.0853740677e-05
    0.4300  4.5731930351e-01  9.3927794172e-08  -3.1081246854e-03  -4.8268340979e-05
    0.4400  4.5352888693e-01  9.2446721934e-08  -3.7910656355e-03  7.4150510298e-07
    0.4500  4.4912218955e-01  9.0952159284e-08  -4.3188970435e-03  -8.7709386988e-05
    0.4600  4.4411783713e-01  8.9447877785e-08  -5.0065318656e-03  2.2688914001e-06
    0.4700  4.3853628320e-01  8.7937707617e-08  -5.5352656736e-03  -4.6200321048e-05
    0.4800  4.3239877276e-01  8.6425478977e-08  -6.0636280586e-03  -7.3795946263e-05
    0.4900  4.2573159114e-01  8.4915008176e-08  -6.5915724338e-03  -7.5524278669e-05
    0.5000  4.1856261079e-01  8.3410093896e-08  -7.1190523102e-03  -4.9844625107e-05
    0.5100  4.1092051144e-01  8.1914515819e-08  -7.6460213004e-03  4.0038671005e-06
    0.5200  4.0284065754e-01  8.0432033841e-08  -8.0036019586e-03  -7.6171516543e-05
    0.5300  3.9435548914e-01  7.8966387427e-08  -8.3583423155e-03  -1.2674711085e-04
    0.5400  3.8550792899e-01  7.7521295004e-08  -8.8806700923e-03  3.3187462002e-05
    0.5500  3.7633797357e-01  1.1422472644e-06  -9.0591990108e-03  -1.0961416550e-04
    0.5600  3.6688960565e-01  7.4707537072e-08  -9.4052649925e-03  -4.3028223816e-05
    0.5700  3.5720545376e-01  1.3773502139e-05  -9.5761545394e-03  -9.4223845337e-05
    0.5800  3.4733696324e-01  2.2451024084e-05  -9.7431223629e-03  -1.0291712791e-04
    0.5900  3.3733458497e-01  2.3792677952e-05  -9.9061662185e-03  -7.2419378466e-05
    0.6000  3.2724502111e-01  1.8354965756e-05  -1.0065284623e-02  -5.9242739456e-06
    0.6100  3.1711884849e-01  3.5241899978e-05  -1.0048283396e-02  -4.2647320656e-05
    0.6200  3.0700263387e-01  4.4795341983e-05  -1.0027778439e-02  -4.3640836217e-05
    0.6300  2.9694112816e-01  4.4111260668e-05  -1.0003826815e-02  -1.3567640073e-05
    0.6400  2.8697418471e-01  7.7100881672e-05  -9.8066811134e-03  -8.3161453009e-05
    0.6500  2.7714008165e-01  5.3699187306e-05  -9.7766437139e-03  -3.7601581157e-06
    0.6600  2.6746666475e-01  6.9478722308e-05  -9.5755644705e-03  -2.8373703763e-05
    0.6700  2.5797810750e-01  7.8303423244e-05  -9.3734249106e-03  -3.6828917319e-05
    0.6800  2.4869347864e-01  8.0566075246e-05  -9.1703994338e-03  -3.3663348095e-05
    0.6900  2.3962611918e-01  7.8121400937e-05  -8.9666601441e-03  -2.2577923207e-05
    0.7000  2.3078472266e-01  7.2491442549e-05  -8.7623767655e-03  -6.5283084623e-06
    0.7100  2.2217432720e-01  6.4886086346e-05  -8.5577165598e-03  1.2207183420e-05
    0.7200  2.1379804771e-01  1.0403170669e-04  -8.1951753388e-03  -7.7072446387e-05
    0.7300  2.0565690608e-01  9.2791588641e-05  -7.9919884227e-03  -5.6361613365e-05
    0.7400  1.9774779326e-01  8.3405037319e-05  -7.7889552876e-03  -3.6752492975e-05
    0.7500  1.9006833125e-01  7.4493586130e-05  -7.5862312554e-03  -1.8737174851e-05
    0.7600  1.8261547997e-01  6.6259539806e-05  -7.3839687827e-03  -2.6229511189e-06
    0.7700  1.7538576718e-01  5.8823684603e-05  -7.1823173908e-03  1.1428279219e-05
    0.7800  1.6837544807e-01  5.2248443310e-05  -6.9814235988e-03  2.3352933130e-05
    0.7900  1.6158189663e-01  8.8892149513e-05  -6.6376849806e-03  -6.6974309244e-05
    0.8000  1.5499957009e-01  8.3547195948e-05  -6.4407611661e-03  -5.8018178209e-05
    0.8100  1.4862439800e-01  7.9070846433e-05  -6.2450501889e-03  -5.1051050759e-05
    0.8200  1.4245230340e-01  7.5416641037e-05  -6.0506844876e-03  -4.5993473805e-05
    0.8300  1.3647920028e-01  7.2551107792e-05  -5.8577931803e-03  -4.2758829882e-05
    0.8400  1.3070100317e-01  7.0438034539e-05  -5.6665020114e-03  -4.1257061667e-05
    0.8500  1.2511363316e-01  6.9039914320e-05  -5.4769333013e-03  -4.1396796690e-05
    0.8600  1.1971302194e-01  6.8318777082e-05  -5.2892058984e-03  -4.3086549255e-05
    0.8700  1.1449511476e-01  6.8236658009e-05  -5.1034351331e-03  -4.6235389031e-05
    0.8800  1.0945587281e-01  6.8755857517e-05  -4.9197327751e-03  -5.0753314384e-05
    0.8900  1.0459127526e-01  6.9839086594e-05  -4.7382069921e-03  -5.6551468339e-05
    0.9000  9.9897324679e-02  7.1381101970e-05  -4.5588410817e-03  -6.3728400078e-05
    0.9100  9.5371049398e-02  3.8371105797e-05  -4.4994305679e-03  1.1526392935e-05
    0.9200  9.1007852292e-02  4.1358852846e-05  -4.3226831893e-03  8.4493589037e-07
    0.9300  8.6803579342e-02  4.4995805519e-05  -4.1484907983e-03  -1.0786346655e-05
    0.9400  8.2754317011e-02  4.9025708017e-05  -3.9769445762e-03  -2.3292046063e-05
    0.9500  7.8856179478e-02  5.3414916465e-05  -3.8081319159e-03  -3.6590700739e-05
    0.9600  7.5105310708e-02  5.8129811256e-05  -3.6421363974e-03  -5.0602561567e-05
    0.9700  7.1498898138e-02  3.2550745253e-05  -3.5832318697e-03  9.3700445062e-06
    0.9800  6.8033258494e-02  3.7425579320e-05  -3.4206908502e-03  -7.5232140369e-06
    0.9900  6.4703574002e-02  4.3622503466e-05  -3.2611873283e-03  -2.4874659980e-05
    1.0000  6.1506115669e-02  5.0019085494e-05  -3.1047910263e-03  -4.2648221511e-05
    1.0100  5.8438205232e-02  2.8906261288e-05  -3.0470428064e-03  8.0386304584e-06
    1.0200  5.5496705596e-02  3.4775302080e-05  -2.8946176588e-03  -1.2106675136e-05
    1.0300  5.2676489336e-02  4.2317465020e-05  -2.7454839699e-03  -3.2414824703e-05
    1.0400  4.9974397363e-02  2.4975973706e-05  -2.6888315243e-03  1.1715524639e-05
    1.0500  4.7388880409e-02  3.0892669420e-05  -2.5440037349e-03  -1.0620549335e-05
    1.0600  4.4914036853e-02  3.9283581029e-05  -2.4025130417e-03  -3.3046933530e-05
    1.0700  4.2547603155e-02  2.4053518016e-05  -2.3473648941e-03  4.9847142622e-06
    1.0800  4.0286910620e-02  3.1231107423e-05  -2.2105335975e-03  -1.8927829619e-05
    1.0900  3.8126677644e-02  4.0343979355e-05  -2.0772815537e-03  -4.2607442941e-05
    1.1000  3.6066569920e-02  2.5797085301e-05  -2.0241030768e-03  -1.0207562303e-05
    1.1100  3.4100519363e-02  3.5237289873e-05  -1.8956979634e-03  -3.5115303285e-05
    1.1200  3.2227495930e-02  2.3039878227e-05  -1.8435576571e-03  -6.4258986079e-06
    1.1300  3.0442780945e-02  3.2215422425e-05  -1.7201489586e-03  -3.2350603265e-05
    1.1400  2.8744761342e-02  2.1595496036e-05  -1.6691112078e-03  -7.3128991298e-06
    1.1500  2.7128948196e-02  3.1042500167e-05  -1.5507625918e-03  -3.4008054328e-05
    1.1600  2.5594283338e-02  2.1421635638e-05  -1.5011049689e-03  -1.2138252999e-05
    1.1700  2.4135681415e-02  1.4936829614e-05  -1.4514535657e-03  7.7884722010e-06
    1.1800  2.2752482090e-02  2.2777877254e-05  -1.3398391804e-03  -2.0582267233e-05
    1.1900  2.1440317345e-02  1.6761476817e-05  -1.2917587299e-03  -3.6445384568e-06
    1.2000  2.0196453574e-02  2.6115289048e-05  -1.1854348994e-03  -3.2313583201e-05
    1.2100  1.9019854524e-02  1.9454147855e-05  -1.1389707802e-03  -1.8174121793e-05
    1.2200  1.7906250482e-02  1.5188910770e-05  -1.0926967307e-03  -5.7184000929e-06
    1.2300  1.6853222680e-02  1.1422794906e-05  -1.0466500860e-03  5.0450784220e-06
    1.2400  1.5859038684e-02  2.0014860187e-05  -9.4914411727e-04  -2.5025018004e-05
    1.2500  1.4921131594e-02  1.6328980362e-05  -9.0488337882e-04  -1.6694731406e-05
    1.2600  1.4036662802e-02  1.3703738393e-05  -8.6102387811e-04  -9.7411748842e-06
    1.2700  1.3203368364e-02  1.1515759082e-05  -8.1752883632e-04  -4.2498429940e-06
    1.2800  1.2419046614e-02  9.7143197575e-06  -7.7432780011e-04  -2.7962949941e-07
    1.2900  1.1681614771e-02  8.3384100200e-06  -7.3155083227e-04  2.4573985225e-06
    1.3000  1.0988923068e-02  7.3585418801e-06  -6.8924128285e-04  3.9081224276e-06
    1.3100  1.0338877043e-02  6.7211425394e-06  -6.4734378668e-04  4.0189038506e-06
    1.3200  9.7295499715e-03  6.4514683725e-06  -6.0594227184e-04  3.0666686824e-06
    1.3300  9.1589177306e-03  6.5302022211e-06  -5.6510795372e-04  1.0059150764e-06
    1.3400  8.6250565987e-03  6.9000789922e-06  -5.2474762677e-04  -2.2134261729e-06
    1.3500  8.1261404423e-03  7.5906489249e-06  -4.8500472006e-04  -6.3207874458e-06
    1.3600  7.6602790664e-03  8.5766952233e-06  -4.4592552058e-04  -1.1359160005e-05
    1.3700  7.2257813591e-03  9.7957035942e-06  -4.0732561070e-04  -1.7376393075e-05
    1.3800  6.8213748716e-03  4.0717584102e-06  -4.0246772828e-04  2.1329991882e-06
    1.3900  6.4454667874e-03  5.6443057319e-06  -3.6395374846e-04  -6.3100299729e-06
    1.4000  6.0959508323e-03  7.8539742676e-06  -3.2626701113e-04  -1.5394969705e-05
    1.4100  5.7721432820e-03  3.6414112604e-06  -3.1909760322e-04  -1.0685358385e-06
    1.4200  5.4721810276e-03  6.0635243441e-06  -2.8168095167e-04  -1.2217778348e-05
    1.4300  5.1949943932e-03  3.0471580563e-06  -2.7303005849e-04  -1.1094179026e-06
    1.4400  4.9390974480e-03  5.7759993959e-06  -2.3592282557e-04  -1.4198120267e-05
    1.4500  4.7038216161e-03  3.3314451543e-06  -2.2602460385e-04  -5.9197828575e-06
    1.4600  4.4874099166e-03  1.8949360461e-06  -2.1517158622e-04  6.5482276914e-07
    1.4700  4.2890571348e-03  4.8932372572e-06  -1.7826738173e-04  -1.5192162838e-05
    1.4800  4.1082149108e-03  3.4406277154e-06  -1.6633161897e-04  -1.1069977327e-05
    1.4900  3.9434843415e-03  2.7250664844e-06  -1.5353493184e-04  -8.4705709019e-06
    1.5000  3.7940411658e-03  2.2570897546e-06  -1.3998613120e-04  -7.1999548040e-06
    1.5100  3.6590995493e-03  2.0196787125e-06  -1.2570639812e-04  -7.2155396597e-06
    1.5200  3.5379677985e-03  2.0052310076e-06  -1.1071702532e-04  -8.4094944632e-06
    1.5300  3.4299102325e-03  2.2057668659e-06  -9.5039412947e-05  -1.0812386140e-05
    1.5400  3.3342418097e-03  0.0000000000e+00  -9.9933593904e-05  4.2651710514e-06
    1.5500  3.2509244225e-03  1.9250870208e-08  -8.2361157137e-05  -9.3697915992e-07
    1.5600  3.1788008932e-03  9.0258427788e-07  -6.4161960475e-05  -7.0589845254e-06
    1.5700  3.1173126514e-03  0.0000000000e+00  -6.5437246489e-05  3.9490046767e-06
    1.5800  3.0669022047e-03  6.1503902904e-08  -4.5451145785e-05  -4.8977970074e-06
    1.5900  3.0261166486e-03  0.0000000000e+00  -4.4372610052e-05  3.5870538998e-06
    1.6000  2.9956923780e-03  1.1501564689e-07  -2.2668477062e-05  -7.6407778967e-06
    1.6100  2.9746195288e-03  0.0000000000e+00  -1.9274046738e-05  -1.7988024063e-06
    1.6200  2.9627656564e-03  0.0000000000e+00  -1.4717806029e-05  2.8639336268e-06
    1.6300  2.9603483444e-03  2.2620038731e-07  9.7498494517e-06  -1.1940961129e-05
    1.6400  2.9670535059e-03  6.1289021227e-11  1.6502893375e-05  -9.7976706064e-06
    1.6500  2.9827289554e-03  0.0000000000e+00  2.4546404403e-05  -8.8709548945e-06
    1.6600  3.0073663414e-03  0.0000000000e+00  3.3669993879e-05  -9.0326078502e-06
    1.6700  3.0409464890e-03  0.0000000000e+00  4.3942613217e-05  -1.0362465576e-05
    1.6800  3.0834546125e-03  0.0000000000e+00  5.5363235163e-05  -1.2855111735e-05
    1.6900  3.1352620588e-03  0.0000000000e+00  4.9827944246e-05  1.9795020895e-06
    1.7000  3.1963921807e-03  0.0000000000e+00  6.3764007581e-05  -2.6338856757e-06
    1.7100  3.2667044099e-03  0.0000000000e+00  7.8949025054e-05  -8.6367958156e-06
    1.7200  3.3464941000e-03  0.0000000000e+00  7.6831090669e-05  2.9585994063e-06
    1.7300  3.4364193995e-03  0.0000000000e+00  9.4529740925e-05  -4.6044414058e-06
    1.7400  3.5359586789e-03  0.0000000000e+00  1.1358134596e-04  -1.4042066607e-05
    1.7500  3.6463513797e-03  0.0000000000e+00  1.1512687888e-04  -4.7341781077e-06
    1.7600  3.7669673258e-03  0.0000000000e+00  1.1774915062e-04  2.8667954816e-06
    1.7700  3.8989327741e-03  0.0000000000e+00  1.4084724116e-04  -8.8817928583e-06
    1.7800  4.0422105186e-03  0.0000000000e+00  1.4598574180e-04  -2.7079972425e-06
    1.7900  4.1970597466e-03  0.0000000000e+00  1.5210700331e-04  2.7422247071e-06
    1.8000  4.3643830219e-03  0.0000000000e+00  1.7965959065e-04  -1.2336315374e-05
    1.8100  4.5444943443e-03  0.0000000000e+00  1.8843393692e-04  -8.3226145650e-06
    1.8200  4.7377692004e-03  0.0000000000e+00  1.9856758752e-04  -5.2927313425e-06
    1.8300  4.9447098130e-03  0.0000000000e+00  2.0986383720e-04  -2.9232246475e-06
    1.8400  5.1658944683e-03  0.0000000000e+00  2.2231046354e-04  -1.1258082433e-06
    1.8500  5.4019643646e-03  0.0000000000e+00  2.3617526004e-04  -1.0536376038e-07
    1.8600  5.6534951795e-03  0.0000000000e+00  2.5131483873e-04  2.1597615765e-07
    1.8700  5.9211144154e-03  0.0000000000e+00  2.6770437345e-04  -8.5137511999e-08
    1.8800  6.2055129162e-03  0.0000000000e+00  2.8562168738e-04  -1.2231865631e-06
    1.8900  6.5073185769e-03  0.0000000000e+00  3.0492358579e-04  -3.1179250973e-06
    1.9000  6.8271745591e-03  0.0000000000e+00  3.2564672925e-04  -5.7907470234e-06
    1.9100  7.1658190822e-03  0.0000000000e+00  3.4780415953e-04  -9.1596365152e-06
    1.9200  7.5239528496e-03  0.0000000000e+00  3.7157998118e-04  -1.3446213695e-05
    1.9300  7.9022668003e-03  0.0000000000e+00  3.9688335963e-04  -1.8569408957e-05
    1.9400  8.3020385628e-03  0.0000000000e+00  3.9802051767e-04  1.7512447794e-06
    1.9500  8.7237577797e-03  0.0000000000e+00  4.2605175526e-04  -4.3325383541e-06
    1.9600  9.1680675635e-03  0.0000000000e+00  4.5586933886e-04  -1.1559554992e-05
    1.9700  9.6356951736e-03  0.0000000000e+00  4.8735580108e-04  -1.9728190992e-05
    1.9800  1.0128282681e-02  0.0000000000e+00  4.9262587479e-04  -3.8367750772e-08
    1.9900  1.0646143451e-02  0.0000000000e+00  5.2719026814e-04  -9.3294973433e-06
    2.0000  1.1189851626e-02  0.0000000000e+00  5.6342164747e-04  -1.9713472554e-05
    2.0100  1.1761246341e-02  0.0000000000e+00  5.7189376038e-04  -4.9904603716e-07
    2.0200  1.2360737093e-02  0.0000000000e+00  6.1159095007e-04  -1.2100198247e-05
    2.0300  1.2988932595e-02  0.0000000000e+00  6.2194414660e-04  6.2513559239e-06
    2.0400  1.3647958236e-02  0.0000000000e+00  6.6506570519e-04  -6.0400638705e-06
    2.0500  1.4337546510e-02  0.0000000000e+00  7.1012735257e-04  -2.0539078966e-05
    2.0600  1.5059678692e-02  0.0000000000e+00  7.2410868353e-04  -1.9765015146e-06
    2.0700  1.5814781166e-02  0.0000000000e+00  7.7279558321e-04  -1.7693109355e-05
    2.0800  1.6604210807e-02  0.0000000000e+00  7.8888756320e-04  5.4207775543e-07
    2.0900  1.7429078777e-02  0.0000000000e+00  8.4138229508e-04  -1.6514324731e-05
    2.1000  1.8290304454e-02  0.0000000000e+00  8.5993741111e-04  1.2882661311e-06
    2.1100  1.9189257958e-02  0.0000000000e+00  9.1631320667e-04  -1.7359703067e-05
    2.1200  2.0126835361e-02  0.0000000000e+00  9.3730782863e-04  2.6957387041e-07
    2.1300  2.1104287242e-02  0.0000000000e+00  9.9768949330e-04  -2.0237611405e-05
    2.1400  2.2122894502e-02  0.0000000000e+00  1.0212411727e-03  -2.6339135031e-06
    2.1500  2.3183363790e-02  0.0000000000e+00  1.0857502066e-03  -2.5280918616e-05
    2.1600  2.4287795872e-02  0.0000000000e+00  1.1119741240e-03  -7.5420418150e-06
    2.1700  2.5435988865e-02  0.0000000000e+00  1.1389827102e-03  9.2102827159e-06
    2.1800  2.6631079888e-02  0.0000000000e+00  1.2097374746e-03  -1.4646450896e-05
    2.1900  2.7872621794e-02  0.0000000000e+00  1.2395829861e-03  1.9589199078e-06
    2.2000  2.9162617106e-02  0.0000000000e+00  1.3147559173e-03  -2.4760605817e-05
    2.2100  3.0502518208e-02  0.0000000000e+00  1.3474231872e-03  -7.5220853850e-06
    2.2200  3.1892568541e-02  0.0000000000e+00  1.3811506261e-03  8.8997071345e-06
    2.2300  3.3335791292e-02  0.0000000000e+00  1.4630184998e-03  -1.9795748745e-05
    2.2400  3.4832201407e-02  0.0000000000e+00  1.4998456681e-03  -3.4355533242e-06
    2.2500  3.6382819707e-02  0.0000000000e+00  1.5863976048e-03  -3.5779304977e-05
    2.2600  3.7990753889e-02  0.0000000000e+00  1.6264271668e-03  -1.8492984007e-05
    2.2700  3.9655696614e-02  0.0000000000e+00  1.6674853590e-03  -2.5426344346e-06
    2.2800  4.1378925481e-02  0.0000000000e+00  1.7610945947e-03  -3.7865727293e-05
    2.2900  4.3163578437e-02  0.0000000000e+00  1.8055022536e-03  -2.0849297767e-05
    2.3000  4.5009416265e-02  0.0000000000e+00  1.8510072890e-03  -5.1694609690e-06
    2.3100  4.6917595261e-02  0.0000000000e+00  1.8976311221e-03  1.0547873717e-05
    2.3200  4.8891225333e-02  0.0000000000e+00  2.0008888166e-03  -2.7258744974e-05
    2.3300  5.0930591793e-02  0.0000000000e+00  2.0510490116e-03  -1.1682550903e-05
    2.3400  5.3036651411e-02  0.0000000000e+00  2.1023946563e-03  3.6649613343e-06
    2.3500  5.5211454554e-02  0.0000000000e+00  2.2132035299e-03  -3.8400386929e-05
    2.3600  5.7457180577e-02  0.0000000000e+00  2.2682192719e-03  -2.2493248857e-05
    2.3700  5.9774111767e-02  0.0000000000e+00  2.3244851513e-03  -7.5539613490e-06
    2.3800  6.2163532257e-02  0.0000000000e+00  2.3820219437e-03  7.3985462534e-06
    2.3900  6.4627891276e-02  0.0000000000e+00  2.5030967016e-03  -3.8737682882e-05
    2.4000  6.7168775508e-02  0.0000000000e+00  2.5644727569e-03  -2.3588524115e-05
    2.4100  6.9786770366e-02  0.0000000000e+00  2.6271819114e-03  -9.1870539778e-06
    2.4200  7.2483226345e-02  0.0000000000e+00  2.6912445285e-03  5.2114507470e-06
    2.4300  7.5260135454e-02  0.0000000000e+00  2.8228958233e-03  -4.5986714382e-05
    2.4400  7.8119934470e-02  0.0000000000e+00  2.8909561146e-03  -3.1157098124e-05
    2.4500  8.1062950473e-02  0.0000000000e+00  2.9604293222e-03  -1.7413319570e-05
    2.4600  8.4090523962e-02  0.0000000000e+00  3.0313353233e-03  -3.7618349263e-06
    2.4700  8.7204133717e-02  0.0000000000e+00  3.1036939634e-03  9.9157920733e-06
    2.4800  9.0406185546e-02  0.0000000000e+00  3.2488911375e-03  -4.6839308817e-05
    2.4900  9.3698381613e-02  0.0000000000e+00  3.3254311184e-03  -3.3235050758e-05
    2.5000  9.7081411935e-02  0.0000000000e+00  3.4034796977e-03  -2.0449375915e-05
    2.5100  1.0055668329e-01  0.0000000000e+00  3.4830561401e-03  -7.7847873846e-06
    2.5200  1.0412570539e-01  0.0000000000e+00  3.5641796549e-03  4.8424448558e-06
    2.5300  1.0779001710e-01  0.0000000000e+00  3.6468693913e-03  1.7442317312e-05
    2.5400  1.1155270419e-01  0.0000000000e+00  3.8087705017e-03  -4.6083406629e-05
    2.5500  1.1541414228e-01  0.0000000000e+00  3.8958404314e-03  -3.4402345226e-05
    2.5600  1.1937561972e-01  0.0000000000e+00  3.9845280685e-03  -2.3050622314e-05
    2.5700  1.2343863192e-01  0.0000000000e+00  4.0748518637e-03  -1.1839666116e-05
    2.5800  1.2760471799e-01  0.0000000000e+00  4.1668301818e-03  -7.4411740843e-07
    2.5900  1.3187543057e-01  0.0000000000e+00  4.2604812969e-03  1.0231290898e-05
    2.6000  1.3625248084e-01  0.0000000000e+00  4.4395231999e-03  -6.2472936004e-05
    2.6100  1.4073853178e-01  0.0000000000e+00  4.5377269389e-03  -5.1675992910e-05
    2.6200  1.4533408305e-01  0.0000000000e+00  4.6376499612e-03  -4.2098689901e-05
    2.6300  1.5004053189e-01  0.0000000000e+00  4.7393097206e-03  -3.2860887348e-05
    2.6400  1.5485938901e-01  0.0000000000e+00  4.8427235532e-03  -2.3866435456e-05
    2.6500  1.5979219199e-01  0.0000000000e+00  4.9479086717e-03  -1.5105688853e-05
    2.6600  1.6484048518e-01  0.0000000000e+00  5.0548821595e-03  -6.5889697519e-06
    2.6700  1.7000581339e-01  0.0000000000e+00  5.1636609648e-03  1.6672479854e-06
    2.6800  1.7528971947e-01  0.0000000000e+00  5.2742618946e-03  9.6441875581e-06
    2.6900  1.8069374311e-01  0.0000000000e+00  5.3867016088e-03  1.7322027713e-05
    2.7000  1.8621972753e-01  0.0000000000e+00  5.5948712916e-03  -6.8886870816e-05
    2.7100  1.9186954143e-01  0.0000000000e+00  5.7120989929e-03  -6.2285095829e-05
    2.7200  1.9764413640e-01  0.0000000000e+00  5.8312030745e-03  -5.6608097419e-05
    2.7300  2.0354494012e-01  0.0000000000e+00  5.9521991614e-03  -5.1395443558e-05
    2.7400  2.0957343886e-01  0.0000000000e+00  6.0751027027e-03  -4.6603962439e-05
    2.7500  2.1573112906e-01  0.0000000000e+00  6.1999289646e-03  -4.2238762597e-05
    2.7600  2.2201950563e-01  0.0000000000e+00  6.3266930244e-03  -3.8316456043e-05
    2.7700  2.2844005809e-01  0.0000000000e+00  6.4554097641e-03  -3.4857312132e-05
    2.7800  2.3499426892e-01  0.0000000000e+00  6.5860938635e-03  -3.1883030430e-05
    2.7900  2.4168361271e-01  0.0000000000e+00  6.7187597938e-03  -2.9416001318e-05
    2.8000  2.4850955549e-01  0.0000000000e+00  6.8534218109e-03  -2.7479033661e-05
    2.8100  2.5547355419e-01  0.0000000000e+00  6.9900939486e-03  -2.6095245690e-05
    2.8200  2.6257705619e-01  0.0000000000e+00  7.1287900120e-03  -2.5288017213e-05
    2.8300  2.6982149879e-01  0.0000000000e+00  7.2695235702e-03  -2.5080966104e-05
    2.8400  2.7720830881e-01  0.0000000000e+00  7.4123079502e-03  -2.5497934737e-05
    2.8500  2.8473890205e-01  0.0000000000e+00  7.5571562291e-03  -2.6562980603e-05
    2.8600  2.9241468291e-01  0.0000000000e+00  7.7040812277e-03  -2.8300368701e-05
    2.8700  3.0023704385e-01  0.0000000000e+00  7.8530955032e-03  -3.0734564651e-05
    2.8800  3.0820736497e-01  0.0000000000e+00  8.0042113420e-03  -3.3890228091e-05
    2.8900  3.1632701351e-01  0.0000000000e+00  8.1574407531e-03  -3.7792206144e-05
    2.9000  3.2459734345e-01  0.0000000000e+00  8.3127954602e-03  -4.2465526866e-05
    2.9100  3.3301969495e-01  0.0000000000e+00  8.4702868952e-03  -4.7935392636e-05
    2.9200  3.4159539397e-01  0.0000000000e+00  8.6299261902e-03  -5.4227173457e-05
    2.9300  3.5032575174e-01  0.0000000000e+00  8.7917241711e-03  -6.1366400175e-05
    2.9400  3.5921206433e-01  0.0000000000e+00  8.9556913496e-03  -6.9378757595e-05
    2.9500  3.6825561217e-01  0.0000000000e+00  9.1218379159e-03  -7.8290077509e-05
    2.9600  3.7745765957e-01  0.0000000000e+00  9.2901737318e-03  -8.8126331631e-05
    2.9700  3.8682057216e-01  0.0000000000e+00  9.3432733736e-03  1.9639214901e-05
    2.9800  3.9634497148e-01  0.0000000000e+00  9.5153897767e-03  9.0095520001e-06
    2.9900  4.0603183949e-01  0.0000000000e+00  9.6897436484e-03  -2.8756464017e-06
    3.0000  4.1588230632e-01  0.0000000000e+00  9.8663437464e-03  -1.5876916561e-05
    3.0100  4.2589752884e-01  0.0000000000e+00  1.0045198458e-02  -2.9975936939e-05
    3.0200  4.3607866000e-01  0.0000000000e+00  1.0226315790e-02  -4.5184623288e-05
    3.0300  4.4642683893e-01  0.0000000000e+00  1.0409703367e-02  -6.1524437677e-05
    3.0400  4.5694318708e-01  0.0000000000e+00  1.0595368416e-02  -7.9020272169e-05
    3.0500  4.6762932332e-01  0.0000000000e+00  1.0660772307e-02  2.5363932808e-05
    3.0600  4.7848773124e-01  0.0000000000e+00  1.0850570333e-02  7.8375873159e-06
    3.0700  4.8951822536e-01  0.0000000000e+00  1.1042688067e-02  -1.2193947594e-05
    3.0800  5.0072154173e-01  0.0000000000e+00  1.1237131326e-02  -3.3814954121e-05
    3.0900  5.1209860314e-01  0.0000000000e+00  1.1433905491e-02  -5.6844074855e-05
    3.1000  5.2365037246e-01  0.0000000000e+00  1.1633015497e-02  -8.1246183787e-05
    3.1100  5.3537916035e-01  0.0000000000e+00  1.1708995842e-02  1.9792053083e-05
    3.1200  5.4728674432e-01  0.0000000000e+00  1.1912501905e-02  -4.9179341074e-06
    3.1300  5.5937265015e-01  0.0000000000e+00  1.2118380363e-02  -3.2474532915e-05
    3.1400  5.7163742924e-01  0.0000000000e+00  1.2326634497e-02  -6.1855417018e-05
    3.1500  5.8376981544e-01  0.0000000000e+00  1.2220195318e-02  -8.7809117551e-05
    3.1600  5.9516644274e-01  0.0000000000e+00  1.1368617776e-02  2.8009526315e-05
    3.1700  6.0583202755e-01  1.3859915334e-09  1.0639570488e-02  2.6015708793e-05
    3.1800  6.1577038845e-01  4.7317021073e-09  1.0039420754e-02  -1.0105511643e-04
    3.1900  6.2498794365e-01  7.3660817654e-09  9.3027236587e-03  -8.5161101684e-05
    3.2000  6.3348916522e-01  9.6437135644e-09  8.5613409824e-03  -6.0109768500e-05
    3.2100  6.4127899073e-01  1.1706816211e-08  7.8153755235e-03  -2.5538302847e-05
    3.2200  6.4836246392e-01  1.3598319035e-08  7.0649309843e-03  1.8555803932e-05
    3.2300  6.5474979485e-01  1.5332514711e-08  6.4530078443e-03  -6.5661579289e-05
    3.2400  6.6044519846e-01  1.6916100749e-08  5.6957701057e-03  -3.4957912480e-07
    3.2500  6.6545691172e-01  1.8353807420e-08  5.0804685445e-03  -6.8736929268e-05
    3.2600  6.6979155555e-01  1.9649860712e-08  4.3167629554e-03  1.7900516195e-05
    3.2700  6.7346012820e-01  2.0808359646e-08  3.6983447679e-03  -2.9751300306e-05
    3.2800  6.7646774235e-01  2.1833373286e-08  3.0791429666e-03  -7.1506986237e-05
    3.2900  6.7882366589e-01  2.2728965395e-08  2.4592137369e-03  -1.0326747448e-04
    3.3000  6.8053877204e-01  2.3499200360e-08  1.6852950443e-03  2.9834604954e-05
    3.3100  6.8162280122e-01  2.4148144259e-08  1.0627545214e-03  2.1298813393e-05
    3.3200  6.8208447506e-01  2.4679864647e-08  4.3966381088e-04  2.2034707413e-05
    3.3300  6.8193388046e-01  2.5098430015e-08  -1.8392073376e-04  3.3351228383e-05
    3.3400  6.8118377916e-01  2.5407909162e-08  -6.4937619285e-04  -1.0069969262e-04
    3.3500  6.7984431321e-01  2.5612370543e-08  -1.2724893071e-03  -6.6951031653e-05
    3.3600  6.7792549894e-01  2.5715881606e-08  -1.8959362660e-03  -2.2852294297e-05
    3.3700  6.7543786853e-01  2.5722508143e-08  -2.5196608655e-03  3.2056177968e-05
    3.3800  6.7239992268e-01  2.5636313625e-08  -2.9802843123e-03  -5.7635897386e-05
    3.3900  6.6881717189e-01  2.5461358547e-08  -3.6031352665e-03  2.0409941639e-05
    3.4000  6.6470846613e-01  2.5201699773e-08  -4.0606131387e-03  -4.8067427437e-05
    3.4100  6.6008163321e-01  2.4861389879e-08  -4.5159987403e-03  -1.1080931062e-04
    3.4200  6.5495547315e-01  2.4444476503e-08  -5.1365527308e-03  1.0417114630e-05
    3.4300  6.4934256421e-01  2.3955001689e-08  -5.5885314966e-03  -2.4353488793e-05
    3.4400  6.4325639065e-01  2.3397001239e-08  -6.0382925398e-03  -4.7857622706e-05
    3.4500  6.3671253704e-01  2.2774504058e-08  -6.4857956942e-03  -5.8035141891e-05
    3.4600  6.2972676444e-01  2.2091531515e-08  -6.9310012330e-03  -5.4749278610e-05
    3.4700  6.2231487409e-01  2.1352096790e-08  -7.3738698721e-03  -3.7999123057e-05
    3.4800  6.1449269999e-01  2.0560204228e-08  -7.8143627736e-03  -7.7907687620e-06
    3.4900  6.0627610720e-01  1.9719848704e-08  -8.2524415486e-03  3.5868477381e-05
    3.5000  5.9768805649e-01  4.0223153517e-07  -8.5136334653e-03  -7.4015010856e-05
    3.5100  5.8873924650e-01  1.7909677039e-08  -8.9458927084e-03  -2.8993691647e-06
    3.5200  5.7945117937e-01  6.9313157914e-06  -9.1997908302e-03  -8.1344984322e-05
    3.5300  5.6984085550e-01  1.5953326967e-08  -9.6260959570e-03  1.5788041322e-05
    3.5400  5.5993080633e-01  3.6093024244e-06  -9.8725887673e-03  -3.3851101098e-05
    3.5500  5.4973667565e-01  1.2098201901e-05  -1.0115089557e-02  -6.6942927584e-05
    3.5600  5.3927999609e-01  1.7790223434e-05  -1.0353581530e-02  -8.5307801405e-05
    3.5700  5.2858216415e-01  2.0926173832e-05  -1.0588048679e-02  -8.8857090471e-05
    3.5800  5.1766457895e-01  2.1495269151e-05  -1.0818475794e-02  -7.7614133760e-05
    3.5900  5.0654862569e-01  1.9501273128e-05  -1.1044848454e-02  -5.1603538416e-05
    3.6000  4.9525566266e-01  1.4948509062e-05  -1.1267153035e-02  -1.0861475729e-05
    3.6100  4.8380835633e-01  3.8862595572e-05  -1.1305297624e-02  -1.0314611327e-04
    3.6200  4.7223435150e-01  2.3742197156e-05  -1.1519012153e-02  -3.1250486910e-05
    3.6300  4.6055170370e-01  4.4108121314e-05  -1.1548167703e-02  -9.0371973128e-05
    3.6400  4.4878891889e-01  2.1404982396e-05  -1.1753299121e-02  1.1919293038e-05
    3.6500  4.3697066501e-01  3.0942954285e-05  -1.1773555484e-02  -1.3755441508e-05
    3.6600  4.2512074391e-01  3.7917189717e-05  -1.1789455338e-02  -2.2548568071e-05
    3.6700  4.1326517358e-01  4.0081048389e-05  -1.1801201916e-02  -1.4287372078e-05
    3.6800  4.0142934580e-01  3.7338854234e-05  -1.1808539719e-02  1.0050802527e-05
    3.6900  3.8964024578e-01  7.1919573042e-05  -1.1632058743e-02  -8.5121710035e-05
    3.7000  3.7792374167e-01  5.6629186115e-05  -1.1631312560e-02  -2.8562365613e-05
    3.7100  3.6630080125e-01  8.5873401546e-05  -1.1447967744e-02  -8.9099273511e-05
    3.7200  3.5480012493e-01  5.6855162558e-05  -1.1439496756e-02  -4.3243988267e-06
    3.7300  3.4344130279e-01  7.3585224567e-05  -1.1249828394e-02  -3.5408523726e-05
    3.7400  3.3224504956e-01  8.5555952433e-05  -1.1057699791e-02  -5.2997487439e-05
    3.7500  3.2123094572e-01  9.1914842045e-05  -1.0863300570e-02  -5.8888425794e-05
    3.7600  3.1041582717e-01  9.3407809032e-05  -1.0666818756e-02  -5.4891979833e-05
    3.7700  2.9981375844e-01  9.0801224470e-05  -1.0468440685e-02  -4.2826826021e-05
    3.7800  2.8943608602e-01  8.4861605367e-05  -1.0268350903e-02  -2.4459911716e-05
    3.7900  2.7929157070e-01  7.6330738975e-05  -1.0066732076e-02  -1.4525030092e-06
    3.8000  2.6938658675e-01  6.5903272770e-05  -9.8637648951e-03  2.4684219690e-05
    3.8100  2.5972872582e-01  1.0303055227e-04  -9.4926487461e-03  -6.2181635441e-05
    3.8200  2.5031738684e-01  8.9854698257e-05  -9.2889818023e-03  -3.2502475848e-05
    3.8300  2.4115297397e-01  7.6740313628e-05  -9.0845472253e-03  -3.1253382948e-06
    3.8400  2.3223492228e-01  6.3774921374e-05  -8.8795157440e-03  2.5238975552e-05
    3.8500  2.2356509347e-01  9.7791717535e-05  -8.5140195891e-03  -5.8017500189e-05
    3.8600  2.1513755756e-01  8.5428058547e-05  -8.3099719472e-03  -3.2135902728e-05
    3.8700  2.0694930714e-01  7.3948708858e-05  -8.1058707585e-03  -8.4309558555e-06
    3.8800  1.9899700395e-01  6.3379861403e-05  -7.9018752512e-03  1.2951928656e-05
    3.8900  1.9127799718e-01  9.9731878397e-05  -7.5459209017e-03  -7.3353996541e-05
    3.9000  1.8378870710e-01  8.9171870300e-05  -7.3444669095e-03  -5.5651299420e-05
    3.9100  1.7652368210e-01  8.1092256765e-05  -7.1436197697e-03  -4.0312967353e-05
    3.9200  1.6947890517e-01  7.3986076587e-05  -6.9435258343e-03  -2.7265018045e-05
    3.9300  1.6265031367e-01  6.7827777783e-05  -6.7443283888e-03  -1.6435337412e-05
    3.9400  1.5603381841e-01  6.2586701723e-05  -6.5461675900e-03  -7.7409641247e-06
    3.9500  1.4962531726e-01  5.8227993600e-05  -6.3491804045e-03  -1.0927522995e-06
    3.9600  1.4342070406e-01  5.4714387046e-05  -6.1535005512e-03  3.6017384903e-06
    3.9700  1.3741587466e-01  5.2007356683e-05  -5.9592584446e-03  6.4364006142e-06
    3.9800  1.3160673111e-01  5.0067848574e-05  -5.7665811415e-03  7.5054383792e-06
    3.9900  1.2598919638e-01  4.8783064196e-05  -5.5754584601e-03  6.7067965447e-06
    4.0000  1.2055919728e-01  4.8261607328e-05  -5.3862644268e-03  4.5269289129e-06
    4.0100  1.1531267172e-01  4.8391428241e-05  -5.1989945641e-03  8.6043413330e-07
    4.0200  1.1024557371e-01  4.9134038826e-05  -5.0137619859e-03  -4.2019906290e-06
    4.0300  1.0535387486e-01  5.0451781050e-05  -4.8306762164e-03  -1.0570846955e-05
    4.0400  1.0063356616e-01  5.2307580253e-05  -4.6498431506e-03  -1.8157971362e-05
    4.0500  9.6080659608e-02  5.4664942474e-05  -4.4713650179e-03  -2.6876590344e-05
    4.0600  9.1691189939e-02  5.7487967035e-05  -4.2953403477e-03  -3.6641354252e-05
    4.0700  8.7461216279e-02  6.0741358182e-05  -4.1218639382e-03  -4.7368363623e-05
    4.0800  8.3386823823e-02  6.4390435251e-05  -3.9510268268e-03  -5.8975194165e-05
    4.0900  7.9465623639e-02  3.5703914380e-05  -3.8918249071e-03  6.3286378760e-06
    4.1000  7.5692620864e-02  4.0445905807e-05  -3.7241297327e-03  -8.4271371277e-06
    4.1100  7.2063711508e-02  4.5765825978e-05  -3.5593136933e-03  -2.3829836541e-05
    4.1200  6.8575092078e-02  5.1354054192e-05  -3.3974541246e-03  -3.9811251542e-05
    4.1300  6.5223109559e-02  2.8859617968e-05  -3.3388797177e-03  1.5756816985e-05
    4.1400  6.2006154910e-02  3.3327456326e-05  -3.1807217900e-03  -2.9054024962e-06
    4.1500  5.8918330304e-02  4.0245694847e-05  -3.0257244088e-03  -2.1854502718e-05
    4.1600  5.5955973879e-02  4.7306418332e-05  -2.8739509483e-03  -4.1099058120e-05
    4.1700  5.3116720500e-02  2.7854721513e-05  -2.8169585770e-03  5.5599193211e-06
    4.1800  5.0397169496e-02  3.4363537511e-05  -2.6693675060e-03  -1.5819960026e-05
    4.1900  4.7792375461e-02  4.2361913427e-05  -2.5250294467e-03  -3.7402675347e-05
    4.2000  4.5300297243e-02  2.5689570335e-05  -2.4693730396e-03  2.9843917524e-06
    4.2100  4.2917512832e-02  3.2963289288e-05  -2.3296156428e-03  -2.0205478200e-05
    4.2200  4.0639097780e-02  4.1777602426e-05  -2.1933896429e-03  -4.3247807264e-05
    4.2300  3.8464513010e-02  2.6367230481e-05  -2.1395461911e-03  -8.6713481837e-06
    4.2400  3.6387870219e-02  3.5487861554e-05  -2.0080747397e-03  -3.3080189472e-05
    4.2500  3.4407525624e-02  2.2841150119e-05  -1.9551720993e-03  -2.3313459638e-06
    4.2600  3.2519615575e-02  3.1392188996e-05  -1.8286142028e-03  -2.7903656923e-05
    4.2700  3.0721261608e-02  2.0748575954e-05  -1.7768200345e-03  -7.8535635914e-07
    4.2800  2.9009435745e-02  2.9254745769e-05  -1.6551579547e-03  -2.7413162824e-05
    4.2900  2.7381240869e-02  1.9908823229e-05  -1.6045623868e-03  -3.7236656216e-06
    4.3000  2.5833194794e-02  2.8995882322e-05  -1.4881754452e-03  -3.0874747472e-05
    4.3100  2.4363486037e-02  2.0303540905e-05  -1.4389940314e-03  -1.0411184981e-05
    4.3200  2.2967547503e-02  1.4225563642e-05  -1.3898515489e-03  8.1385788037e-06
    4.3300  2.1644645430e-02  2.2094310625e-05  -1.2802744419e-03  -2.0533320684e-05
    4.3400  2.0390569391e-02  1.6481879030e-05  -1.2325893075e-03  -5.0048526689e-06
    4.3500  1.9202488925e-02  1.1792858614e-05  -1.1851420919e-03  8.8544843577e-06
    4.3600  1.8079396152e-02  1.9778426466e-05  -1.0825329285e-03  -2.0781418124e-05
    4.3700  1.7017299597e-02  1.5722706498e-05  -1.0369117892e-03  -9.4620583724e-06
    4.3800  1.6013726726e-02  1.2242091406e-05  -9.9142589472e-04  9.5114664442e-08
    4.3900  1.5066394675e-02  9.2642170490e-06  -9.4625486840e-04  8.1870349122e-06
    4.4000  1.4173776824e-02  1.7581119976e-05  -8.5251709953e-04  -2.2519632024e-05
    4.4100  1.3332689873e-02  1.5161906946e-05  -8.0941733059e-04  -1.6507713374e-05
    4.4200  1.2540899617e-02  1.3205527631e-05  -7.6656019939e-04  -1.2024528719e-05
    4.4300  1.1796266579e-02  1.1687196131e-05  -7.2416440986e-04  -8.7814324672e-06
    4.4400  1.1096639284e-02  1.0563556863e-05  -6.8222818424e-04  -6.8355533776e-06
    4.4500  1.0439961443e-02  9.7800691852e-06  -6.4065675971e-04  -6.2410122031e-06
    4.4600  9.8242546045e-03  9.3759752341e-06  -5.9961411698e-04  -6.7167465385e-06
    4.4700  9.2474928208e-03  9.3193202269e-06  -5.5913063855e-04  -8.3118248995e-06
    4.4800  8.7077858706e-03  9.5520314123e-06  -5.1907806418e-04  -1.1076854617e-05
    4.4900  8.2032607636e-03  1.0116211556e-05  -4.7967121508e-04  -1.4737680386e-05
    4.5000  7.7320410732e-03  1.0951684353e-05  -4.4082455439e-04  -1.9443451630e-05
    4.5100  7.2929580615e-03  4.4435305467e-06  -4.3680888967e-04  2.1694084860e-06
    4.5200  6.8840558368e-03  5.8456854417e-06  -3.9803468133e-04  -5.0218579621e-06
    4.5300  6.5034566096e-03  7.6915546502e-06  -3.5979889894e-04  -1.3108773548e-05
    4.5400  6.1497988076e-03  3.2873994004e-06  -3.5352705413e-04  3.1566514459e-06
    4.5500  5.8221763731e-03  5.0489919090e-06  -3.1548275091e-04  -7.0906916303e-06
    4.5600  5.5181194153e-03  7.7908954817e-06  -2.7835110975e-04  -1.7914952522e-05
    4.5700  5.2377413090e-03  4.0301195860e-06  -2.6993309179e-04  -6.4148950056e-06
    4.5800  4.9783824866e-03  2.0252300022e-06  -2.6060980920e-04  3.2762168452e-06
    4.5900  4.7399387006e-03  4.4169146458e-06  -2.2342312951e-04  -1.0603741834e-05
    4.6000  4.5207241441e-03  2.7046982660e-06  -2.1279200843e-04  -3.7178497813e-06
    4.6100  4.3195610804e-03  1.4942505859e-06  -2.0133028648e-04  1.6614733312e-06
    4.6200  4.1357519008e-03  4.5098955731e-06  -1.6441642509e-04  -1.4882858929e-05
    4.6300  3.9685652050e-03  3.3831719140e-06  -1.5183040182e-04  -1.1973122121e-05
    4.6400  3.8167699724e-03  2.8631065309e-06  -1.3848946050e-04  -1.0442665544e-05
    4.6500  3.6795727933e-03  2.5805711544e-06  -1.2441475898e-04  -1.0201848951e-05
    4.6600  3.5562681115e-03  2.5228042992e-06  -1.0965861372e-04  -1.1123263821e-05
    4.6700  3.4461282702e-03  2.6788925642e-06  -9.4131218068e-05  -1.3329730647e-05
    4.6800  3.3487681368e-03  0.0000000000e+00  -9.9176623747e-05  1.8164903853e-06
    4.6900  3.2634975576e-03  4.2742114870e-07  -8.1768820107e-05  -3.0743379242e-06
    4.7000  3.1895074912e-03  1.2561771229e-06  -6.3740693277e-05  -8.9931960698e-06
    4.7100  3.1264437802e-03  0.0000000000e+00  -6.5192483728e-05  2.1287727198e-06
    4.7200  3.0742778791e-03  3.5177429668e-07  -4.5391765774e-05  -6.4223610317e-06
    4.7300  3.0319731560e-03  0.0000000000e+00  -4.4506996973e-05  2.2022738928e-06
    4.7400  2.9999008575e-03  3.3191053529e-07  -2.3002485407e-05  -8.7379025801e-06
    4.7500  2.9773565541e-03  0.0000000000e+00  -1.9819007507e-05  -2.7252958765e-06
    4.7600  2.9640373582e-03  0.0000000000e+00  -1.5483027319e-05  2.1638314606e-06
    4.7700  2.9601029892e-03  3.3950266795e-07  8.7630520973e-06  -1.2357918434e-05
    4.7800  2.9653849045e-03  0.0000000000e+00  1.5348640639e-05  -1.0066725347e-05
    4.7900  2.9796305529e-03  0.0000000000e+00  2.3199468036e-05  -8.9538196793e-06
    4.8000  3.0028415587e-03  0.0000000000e+00  3.2139969660e-05  -8.9289637769e-06
    4.8100  3.0349982244e-03  0.0000000000e+00  4.2229654147e-05  -1.0072988531e-05
    4.8200  3.0760850833e-03  0.0000000000e+00  5.3467512538e-05  -1.2380653551e-05
    4.8300  3.1263773392e-03  0.0000000000e+00  4.7715854194e-05  2.5764016403e-06
    4.8400  3.1860436473e-03  0.0000000000e+00  6.1466586068e-05  -1.8002779224e-06
    4.8500  3.2548934795e-03  0.0000000000e+00  7.6380385611e-05  -7.5305534408e-06
    4.8600  3.3330575476e-03  0.0000000000e+00  7.4121035939e-05  4.0430321540e-06
    4.8700  3.4214664956e-03  0.0000000000e+00  9.1632146073e-05  -3.2231980944e-06
    4.8800  3.5194714007e-03  0.0000000000e+00  1.1047221062e-04  -1.2467305502e-05
    4.8900  3.6281175469e-03  0.0000000000e+00  1.1180356757e-04  -3.1574214026e-06
    4.9000  3.7469223166e-03  0.0000000000e+00  1.3330979793e-04  -1.4505028192e-05
    4.9100  3.8772318985e-03  0.0000000000e+00  1.3708777770e-04  -6.7781958164e-06
    4.9200  4.0185798831e-03  0.0000000000e+00  1.4197419466e-04  -6.2621006634e-07
    4.9300  4.1714762523e-03  0.0000000000e+00  1.6767502551e-04  -1.4778656255e-05
    4.9400  4.3369977415e-03  0.0000000000e+00  1.7519373093e-04  -9.6722417343e-06
    4.9500  4.5150153745e-03  0.0000000000e+00  1.8373720818e-04  -5.7195752579e-06
    4.9600  4.7060933001e-03  0.0000000000e+00  1.9360156858e-04  -2.5236429768e-06
    4.9700  4.9107433872e-03  0.0000000000e+00  2.0462322836e-04  2.6858738228e-08
    4.9800  5.1295813555e-03  0.0000000000e+00  2.1682888369e-04  2.0090846316e-06
    4.9900  5.3632106721e-03  0.0000000000e+00  2.3041005807e-04  3.2192585677e-06
    5.0000  5.6122039964e-03  0.0000000000e+00  2.4526084063e-04  3.7324836277e-06
    5.0100  5.8772289839e-03  0.0000000000e+00  2.6139963366e-04  3.6253538576e-06
    5.0200  6.1589345418e-03  0.0000000000e+00  2.7901936753e-04  2.6861903595e-06
    5.0300  6.4579455825e-03  0.0000000000e+00  2.9801864657e-04  9.9239417442e-07
    5.0400  6.7749253808e-03  0.0000000000e+00  3.1835505049e-04  -1.3752522051e-06
    5.0500  7.1106144667e-03  0.0000000000e+00  3.4032792248e-04  -4.6388365698e-06
    5.0600  7.4656873823e-03  0.0000000000e+00  3.6378770979e-04  -8.7147941992e-06
    5.0700  7.8408326930e-03  0.0000000000e+00  3.8877020947e-04  -1.3624898799e-05
    5.0800  8.2367621804e-03  0.0000000000e+00  4.1521207374e-04  -1.9282586308e-05
    5.0900  8.6549806921e-03  0.0000000000e+00  4.1728252525e-04  9.3598642216e-07
    5.1000  9.0957866169e-03  0.0000000000e+00  4.4676501583e-04  -5.9590910461e-06
    5.1100  9.5598172078e-03  0.0000000000e+00  4.7791175672e-04  -1.3881165731e-05
    5.1200  1.0047976562e-02  0.0000000000e+00  4.8277892459e-04  5.3804297166e-06
    5.1300  1.0561862516e-02  0.0000000000e+00  5.1699314048e-04  -3.1071866762e-06
    5.1400  1.1101632773e-02  0.0000000000e+00  5.5293124024e-04  -1.3160982887e-05
    5.1500  1.1668184897e-02  0.0000000000e+00  5.6098298896e-04  5.5691351415e-06
    5.1600  1.2263356415e-02  0.0000000000e+00  6.0031683280e-04  -5.1453155364e-06
    5.1700  1.2887066079e-02  0.0000000000e+00  6.4151960162e-04  -1.7809937253e-05
    5.1800  1.3540888012e-02  0.0000000000e+00  6.5298541475e-04  8.3651782410e-07
    5.1900  1.4225760682e-02  0.0000000000e+00  6.9766977073e-04  -1.2797100712e-05
    5.2000  1.4942196770e-02  0.0000000000e+00  7.1120034084e-04  5.2357475023e-06
    5.2100  1.5692309130e-02  0.0000000000e+00  7.5942782621e-04  -9.3154657971e-06
    5.2200  1.6475752048e-02  0.0000000000e+00  7.7520192235e-04  8.2409956030e-06
    5.2300  1.7295346532e-02  0.0000000000e+00  8.2730217700e-04  -7.7076929527e-06
    5.2400  1.8150345248e-02  0.0000000000e+00  8.8149550229e-04  -2.6496786809e-05
    5.2500  1.9043616814e-02  0.0000000000e+00  9.0135690012e-04  -8.0853335579e-06
    5.2600  1.9974470533e-02  0.0000000000e+00  9.5948377590e-04  -2.8630056899e-05
    5.2700  2.0946016696e-02  0.0000000000e+00  9.8183726853e-04  -1.0291105536e-05
    5.2800  2.1957528940e-02  0.0000000000e+00  1.0048939266e-03  6.6183169996e-06
    5.2900  2.3011785999e-02  0.0000000000e+00  1.0689830010e-03  -1.4725942237e-05
    5.3000  2.4108743668e-02  0.0000000000e+00  1.0947013673e-03  2.2563023165e-06
    5.3100  2.5250316210e-02  0.0000000000e+00  1.1630280474e-03  -2.1455505729e-05
    5.3200  2.6437631509e-02  0.0000000000e+00  1.1913952183e-03  -4.0799189249e-06
    5.3300  2.7671274997e-02  0.0000000000e+00  1.2641057859e-03  -3.0462298055e-05
    5.3400  2.8954004362e-02  0.0000000000e+00  1.2955142180e-03  -1.2784853548e-05
    5.3500  3.0285469378e-02  0.0000000000e+00  1.3278035993e-03  3.6614166391e-06
    5.3600  3.1667939461e-02  0.0000000000e+00  1.4070846380e-03  -2.4614554744e-05
    5.3700  3.3102602741e-02  0.0000000000e+00  1.4424147018e-03  -7.7514221982e-06
    5.3800  3.4589837464e-02  0.0000000000e+00  1.4786979434e-03  8.5367800667e-06
    5.3900  3.6132593738e-02  0.0000000000e+00  1.5647941282e-03  -2.2037854296e-05
    5.4000  3.7731102099e-02  0.0000000000e+00  1.6042711492e-03  -5.7627876963e-06
    5.4100  3.9386184725e-02  0.0000000000e+00  1.6447720693e-03  1.0310555991e-05
    5.4200  4.1101006503e-02  0.0000000000e+00  1.7379159919e-03  -2.3094213750e-05
    5.4300  4.2875591852e-02  0.0000000000e+00  1.7817583893e-03  -7.1730402379e-06
    5.4400  4.4710911127e-02  0.0000000000e+00  1.8266937639e-03  8.6255108284e-06
    5.4500  4.6609830135e-02  0.0000000000e+00  1.9271054366e-03  -2.8186428129e-05
    5.4600  4.8573005555e-02  0.0000000000e+00  1.9755242900e-03  -1.2348870112e-05
    5.4700  5.0601226860e-02  0.0000000000e+00  2.0251034196e-03  3.1178853327e-06
    5.4800  5.2696494402e-02  0.0000000000e+00  2.1329897937e-03  -3.7722252047e-05
    5.4900  5.4861022478e-02  0.0000000000e+00  2.1861884144e-03  -2.1660337662e-05
    5.5000  5.7095056344e-02  0.0000000000e+00  2.2406126972e-03  -6.5788315378e-06
    5.5100  5.9399866474e-02  0.0000000000e+00  2.2962835308e-03  8.5265993719e-06
    5.5200  6.1778102891e-02  0.0000000000e+00  2.4143407068e-03  -3.6104290323e-05
    5.5300  6.4230981149e-02  0.0000000000e+00  2.4738032172e-03  -2.0924959556e-05
    5.5400  6.6759209051e-02  0.0000000000e+00  2.5345752293e-03  -6.3473271093e-06
    5.5500  6.9364145107e-02  0.0000000000e+00  2.5966772411e-03  8.2588154090e-06
    5.5600  7.2048252099e-02  0.0000000000e+00  2.7252252812e-03  -4.1118289533e-05
    5.5700  7.4813126214e-02  0.0000000000e+00  2.7912805862e-03  -2.6406470688e-05
    5.5800  7.7659398339e-02  0.0000000000e+00  2.8587261758e-03  -1.2454050939e-05
    5.5900  8.0588441311e-02  0.0000000000e+00  2.9275820830e-03  1.4608891980e-06
    5.6000  8.3601737582e-02  0.0000000000e+00  2.9978683150e-03  1.5427956098e-05
    5.6100  8.6702503500e-02  0.0000000000e+00  3.1398676701e-03  -3.9101752490e-05
    5.6200  8.9890995292e-02  0.0000000000e+00  3.2142949847e-03  -2.5803193062e-05
    5.6300  9.3168439033e-02  0.0000000000e+00  3.2902094976e-03  -1.2765756633e-05
    5.6400  9.6536304973e-02  0.0000000000e+00  3.3676306571e-03  2.3528349457e-07
    5.6500  9.9996116058e-02  0.0000000000e+00  3.4465778615e-03  1.3233223184e-05
    5.6600  1.0355052297e-01  0.0000000000e+00  3.6024212430e-03  -4.8014332968e-05
    5.6700  1.0720073549e-01  0.0000000000e+00  3.6856798264e-03  -3.5467301331e-05
    5.6800  1.1094769087e-01  0.0000000000e+00  3.7705175562e-03  -2.3562183399e-05
    5.6900  1.1479283705e-01  0.0000000000e+00  3.8569531751e-03  -1.1806995027e-05
    5.7000  1.1873770007e-01  0.0000000000e+00  3.9450053510e-03  -1.4233093164e-07
    5.7100  1.2278382808e-01  0.0000000000e+00  4.0346926725e-03  1.1435344396e-05
    5.7200  1.2693325040e-01  0.0000000000e+00  4.2075325781e-03  -5.8110259378e-05
    5.7300  1.3118813616e-01  0.0000000000e+00  4.3017132681e-03  -4.6827512598e-05
    5.7400  1.3554914314e-01  0.0000000000e+00  4.3975773952e-03  -3.6570413788e-05
    5.7500  1.4001768970e-01  0.0000000000e+00  4.4951427716e-03  -2.6596206339e-05
    5.7600  1.4459529469e-01  0.0000000000e+00  4.5944271039e-03  -1.6822119170e-05
    5.7700  1.4928350173e-01  0.0000000000e+00  4.6954479869e-03  -7.2409462462e-06
    5.7800  1.5408386131e-01  0.0000000000e+00  4.7982228983e-03  2.1366841517e-06
    5.7900  1.5899792506e-01  0.0000000000e+00  4.9027691926e-03  1.1294552492e-05
    5.8000  1.6402724346e-01  0.0000000000e+00  5.0091040958e-03  2.0214306553e-05
    5.8100  1.6917433443e-01  0.0000000000e+00  5.2080040596e-03  -6.0913085826e-05
    5.8200  1.7444005128e-01  0.0000000000e+00  5.3190610408e-03  -5.3344198589e-05
    5.8300  1.7982568720e-01  0.0000000000e+00  5.4319471883e-03  -4.6311258746e-05
    5.8400  1.8533272504e-01  0.0000000000e+00  5.5466787620e-03  -3.9640930689e-05
    5.8500  1.9096267847e-01  0.0000000000e+00  5.6632718646e-03  -3.3318434294e-05
    5.8600  1.9671706650e-01  0.0000000000e+00  5.7817424356e-03  -2.7354403554e-05
    5.8700  2.0259740624e-01  0.0000000000e+00  5.9021062448e-03  -2.1766504419e-05
    5.8800  2.0860521024e-01  0.0000000000e+00  6.0243788859e-03  -1.6574880380e-05
    5.8900  2.1474198527e-01  0.0000000000e+00  6.1485757705e-03  -1.1800743872e-05
    5.9000  2.2100923151e-01  0.0000000000e+00  6.2747121213e-03  -7.4658817104e-06
    5.9100  2.2740844201e-01  0.0000000000e+00  6.4028029657e-03  -3.5924652693e-06
    5.9200  2.3394110217e-01  0.0000000000e+00  6.5328631293e-03  -2.0297164916e-07
    5.9300  2.4060868925e-01  0.0000000000e+00  6.6649072291e-03  2.6798521850e-06
    5.9400  2.4741267192e-01  0.0000000000e+00  6.7989496669e-03  5.0330079041e-06
    5.9500  2.5435450980e-01  0.0000000000e+00  6.9350046226e-03  6.8332570709e-06
    5.9600  2.6143565298e-01  0.0000000000e+00  7.0730860474e-03  8.0571293335e-06
    5.9700  2.6865754157e-01  0.0000000000e+00  7.2132076567e-03  8.6809293266e-06
    5.9800  2.7602160523e-01  0.0000000000e+00  7.3553829233e-03  8.6807430527e-06
    5.9900  2.8352926275e-01  0.0000000000e+00  7.4996250708e-03  8.0324440682e-06
    6.0000  2.9118192151e-01  0.0000000000e+00  7.6459470659e-03  6.7116996598e-06
    6.0100  2.9898097710e-01  0.0000000000e+00  7.7943616120e-03  4.6939770479e-06
    6.0200  3.0692781279e-01  0.0000000000e+00  7.9448811415e-03  1.9545496774e-06
    6.0300  3.1502379911e-01  0.0000000000e+00  8.0975178093e-03  -1.5314964090e-06
    6.0400  3.2327029334e-01  0.0000000000e+00  8.2522834849e-03  -5.7892560925e-06
    6.0500  3.3166863908e-01  0.0000000000e+00  8.4091897458e-03  -1.0843998608e-05
    6.0600  3.4022016579e-01  0.0000000000e+00  8.5682478698e-03  -1.6721160861e-05
    6.0700  3.4892618828e-01  0.0000000000e+00  8.7294688277e-03  -2.3446340661e-05
    6.0800  3.5778800627e-01  0.0000000000e+00  8.8928632766e-03  -3.1045289834e-05
    6.0900  3.6680690391e-01  0.0000000000e+00  9.0584415514e-03  -3.9543907258e-05
    6.1000  3.7598414934e-01  0.0000000000e+00  9.2262136586e-03  -4.8968231782e-05
    6.1100  3.8532099417e-01  0.0000000000e+00  9.3961892679e-03  -5.9344435060e-05
    6.1200  3.9481867306e-01  0.0000000000e+00  9.5683777055e-03  -7.0698814290e-05
    6.1300  4.0447840322e-01  0.0000000000e+00  9.7427879460e-03  -8.3057784857e-05
    6.1400  4.1430203196e-01  0.0000000000e+00  9.8000298545e-03  2.3598885803e-05
    6.1500  4.2429126530e-01  0.0000000000e+00  9.9783457168e-03  1.0887622428e-05
    6.1600  4.3444654904e-01  0.0000000000e+00  1.0158929659e-02  -3.6459171220e-06
    6.1700  4.4476884961e-01  0.0000000000e+00  1.0341789445e-02  -1.9488881329e-05
    6.1800  4.5525923587e-01  0.0000000000e+00  1.0526932446e-02  -3.6546184675e-05
    6.1900  4.6591879360e-01  0.0000000000e+00  1.0714365631e-02  -5.4807896920e-05
    6.2000  4.7674860088e-01  0.0000000000e+00  1.0904095557e-02  -7.4288281577e-05
    6.2100  4.8774982525e-01  0.0000000000e+00  1.0972572951e-02  2.8651419188e-05
    6.2200  4.9892587347e-01  0.0000000000e+00  1.1166518430e-02  9.5297882439e-06
    6.2300  5.1027611616e-01  0.0000000000e+00  1.1362801272e-02  -1.2558577945e-05
    6.2400  5.2180115658e-01  0.0000000000e+00  1.1561426553e-02  -3.6386134428e-05
    6.2500  5.3350184810e-01  0.0000000000e+00  1.1762398892e-02  -6.1707368465e-05
    6.2600  5.4537910176e-01  0.0000000000e+00  1.1965722448e-02  -8.8468786923e-05
    6.2700  5.5743624660e-01  0.0000000000e+00  1.2045228908e-02  1.1915925148e-05
    6.2800  5.6967346730e-01  0.0000000000e+00  1.2253026056e-02  -1.5805348217e-05
    6.2900  5.8192440814e-01  0.0000000000e+00  1.2294442627e-02  -4.3501796095e-05
    6.3000  5.9343807317e-01  8.5777745974e-09  1.1572553426e-02  -5.8879812903e-05
    6.3100  6.0421942074e-01  1.7388682118e-08  1.0845668390e-02  -6.4303430487e-05
    6.3200  6.1427328977e-01  2.1732713090e-08  1.0113887457e-02  -5.9996692754e-05
    6.3300  6.2360454107e-01  2.4559928171e-08  9.3773115220e-03  -4.6035660530e-05
    6.3400  6.3221808999e-01  2.6874703323e-08  8.6360424196e-03  -2.2466627650e-05
    6.3500  6.4011891585e-01  2.8939978011e-08  7.8901829076e-03  1.0671891759e-05
    6.3600  6.4731471162e-01  3.0824320908e-08  7.2807053474e-03  -8.4878750897e-05
    6.3700  6.5381263406e-01  3.2547829788e-08  6.5278552777e-03  -2.9900290784e-05
    6.3800  6.5961530090e-01  3.4118568978e-08  5.7707004960e-03  3.2000461737e-05
    6.3900  6.6473665999e-01  3.5541600012e-08  5.1553255966e-03  -3.3930968869e-05
    6.4000  6.6917761787e-01  3.6821231640e-08  4.5390394679e-03  -9.8044765528e-05
    6.4100  6.7295119167e-01  3.7961584862e-08  3.7731808851e-03  4.3087892497e-07
    6.4200  6.7606373880e-01  3.8966735706e-08  3.1538831236e-03  -4.1297024444e-05
    6.4300  6.7852304159e-01  3.9840751237e-08  2.5338504598e-03  -7.4507834670e-05
    6.4400  6.8033886166e-01  4.0587698340e-08  1.9131391100e-03  -9.7278455794e-05
    6.4500  6.8152135706e-01  4.1211645511e-08  1.2918053071e-03  -1.0926868873e-04
    6.4600  6.8208081033e-01  4.1716662826e-08  6.6990529447e-04  -1.1041030673e-04
    6.4700  6.8202757272e-01  4.2106821454e-08  4.7495321626e-05  -1.0069082914e-04
    6.4800  6.8137205125e-01  4.2386193036e-08  -5.7536836167e-04  -8.0110723343e-05
    6.4900  6.8012470504e-01  4.2558849036e-08  -1.1986295105e-03  -4.8674139078e-05
    6.5000  6.7829604373e-01  4.2628860086e-08  -1.8222318898e-03  -6.3867908504e-06
    6.5100  6.7589779660e-01  4.2600295326e-08  -2.2842120644e-03  -1.1399246697e-04
    6.5200  6.7294673534e-01  4.2477221745e-08  -2.9070581619e-03  -4.3960620684e-05
    6.5300  6.6944812139e-01  4.2263703528e-08  -3.5300862466e-03  3.1514566948e-05
    6.5400  6.6542276299e-01  4.1963801394e-08  -3.9878931268e-03  -3.7423308978e-05
    6.5500  6.6087691913e-01  4.1581571945e-08  -4.4436142620e-03  -1.0218801867e-04
    6.5600  6.5582852810e-01  4.1121067009e-08  -5.0643664519e-03  1.6016544392e-05
    6.5700  6.5029182823e-01  4.0586332990e-08  -5.5166940238e-03  -1.9965268247e-05
    6.5800  6.4427942717e-01  3.9981410214e-08  -5.9668102241e-03  -4.5550852672e-05
    6.5900  6.3780684100e-01  3.9310332283e-08  -6.4146748224e-03  -5.7872038818e-05
    6.6000  6.3088982242e-01  3.8577125419e-08  -6.8602480271e-03  -5.6731967185e-05
    6.6100  6.2354416744e-01  3.7785807827e-08  -7.3034904891e-03  -4.2126709429e-05
    6.6200  6.1578570505e-01  3.6940389042e-08  -7.7443633046e-03  -1.4062142152e-05
    6.6300  6.0763029561e-01  3.6044869289e-08  -8.1828280184e-03  2.7454617522e-05
    6.6400  5.9909953181e-01  1.8771805998e-06  -8.4445519569e-03  -8.4334658382e-05
    6.6500  5.9020659303e-01  3.4119477381e-08  -8.8772084652e-03  -1.5696192735e-05
    6.6600  5.8096990471e-01  9.1592103994e-06  -9.1316487268e-03  -9.5880391601e-05
    6.6700  5.7141011339e-01  3.2041423363e-08  -9.5583621182e-03  -1.3971573323e-06
    6.6800  5.6154552226e-01  6.5904532479e-06  -9.8054068024e-03  -5.2593872795e-05
    6.6900  5.5139379829e-01  1.5374273365e-05  -1.0048463899e-02  -8.7885795071e-05
    6.7000  5.4097642386e-01  2.1445839136e-05  -1.0287516501e-02  -1.0841208767e-04
    6.7100  5.3031479764e-01  2.4956268300e-05  -1.0522548491e-02  -1.1412146089e-04
    6.7200  5.1943031982e-01  2.5899494595e-05  -1.0753544547e-02  -1.0503378390e-04
    6.7300  5.0834437846e-01  2.4278798903e-05  -1.0980490138e-02  -8.1172416537e-05
    6.7400  4.9707833708e-01  2.0098278208e-05  -1.1203371528e-02  -4.2571579927e-05
    6.7500  4.8565351744e-01  1.3363909354e-05  -1.1422175770e-02  1.0720038560e-05
    6.7600  4.7409696407e-01  3.2393686319e-05  -1.1456528393e-02  -6.7631284767e-05
    6.7700  4.6242901159e-01  1.7580781816e-05  -1.1666737036e-02  1.6365336413e-05
    6.7800  4.5067813551e-01  3.0095445329e-05  -1.1692124509e-02  -2.8656127278e-05
    6.7900  4.3886553402e-01  4.2688511341e-05  -1.1713104815e-02  -5.6808165468e-05
    6.8000  4.2701776671e-01  5.0298176748e-05  -1.1729730341e-02  -6.7738792550e-05
    6.8100  4.1516094850e-01  5.2975090896e-05  -1.1742054163e-02  -6.1788953980e-05
    6.8200  4.0332056318e-01  5.0824050741e-05  -1.1750130030e-02  -3.9431234146e-05
    6.8300  3.9152129934e-01  4.3983469059e-05  -1.1754012346e-02  -1.2680250381e-06
    6.8400  3.7978960812e-01  7.5575814336e-05  -1.1574508910e-02  -8.1606504916e-05
    6.8500  3.6815130944e-01  5.5103898650e-05  -1.1570449847e-02  -1.2744924972e-05
    6.8600  3.5662838143e-01  7.8190774783e-05  -1.1384298521e-02  -6.0438715839e-05
    6.8700  3.4524303442e-01  9.7088684264e-05  -1.1195494474e-02  -9.2763856459e-05
    6.8800  3.3401971022e-01  5.6942382089e-05  -1.1180398312e-02  1.4016496269e-05
    6.8900  3.2297551739e-01  6.3846319187e-05  -1.0985806075e-02  5.4595644259e-06
    6.9000  3.1212716963e-01  6.6446247645e-05  -1.0789070059e-02  7.1685434530e-06
    6.9100  3.0148929552e-01  6.4794457457e-05  -1.0590377353e-02  1.7297700589e-05
    6.9200  2.9107464474e-01  1.1141975010e-04  -1.0218310585e-02  -8.4920440728e-05
    6.9300  2.8089361512e-01  1.0161913051e-04  -1.0017543391e-02  -6.1867096707e-05
    6.9400  2.7095149890e-01  9.1169378196e-05  -9.8154249878e-03  -3.5521859914e-05
    6.9500  2.6125276530e-01  7.9379391631e-05  -9.6121337925e-03  -7.2204158061e-06
    6.9600  2.5179999349e-01  6.6808866473e-05  -9.4078460689e-03  2.1883128028e-05
    6.9700  2.4259737805e-01  1.0203282523e-04  -9.0388502994e-03  -6.1732314922e-05
    6.9800  2.3364180671e-01  8.8254598923e-05  -8.8346531562e-03  -3.2663583370e-05
    6.9900  2.2493126541e-01  7.5432389140e-05  -8.6300235050e-03  -5.0854127236e-06
    7.0000  2.1646350469e-01  6.3242930229e-05  -8.4251269189e-03  2.0609130417e-05
    7.0100  2.0823817428e-01  9.7973648465e-05  -8.0635989938e-03  -6.3757765357e-05
    7.0200  2.0024979097e-01  8.6471407630e-05  -7.8604200381e-03  -4.1491862703e-05
    7.0300  1.9249418523e-01  7.6500638803e-05  -7.6574985133e-03  -2.1606586317e-05
    7.0400  1.8496756603e-01  6.7517554241e-05  -7.4549878372e-03  -4.1138070384e-06
    7.0500  1.7766600946e-01  5.9527325257e-05  -7.2530385154e-03  1.1009267271e-05
    7.0600  1.7058555578e-01  9.7120605235e-05  -6.9053947167e-03  -7.7938357480e-05
    7.0700  1.6372344325e-01  8.8957609645e-05  -6.7069872899e-03  -6.6167629724e-05
    7.0800  1.5707395397e-01  8.3327811958e-05  -6.5096108256e-03  -5.6550645331e-05
    7.0900  1.5063299155e-01  7.8581518238e-05  -6.3134021023e-03  -4.8978798838e-05
    7.1000  1.4439645626e-01  7.4680037693e-05  -6.1184946521e-03  -4.3360598302e-05
    7.1100  1.3836024975e-01  7.1585142039e-05  -5.9250187045e-03  -3.9602665049e-05
    7.1200  1.3252027941e-01  6.9257988976e-05  -5.7331011332e-03  -3.7611215821e-05
    7.1300  1.2687246161e-01  6.7659619323e-05  -5.5428654043e-03  -3.7292780888e-05
    7.1400  1.2141272420e-01  6.6751241175e-05  -5.3544315278e-03  -3.8554635696e-05
    7.1500  1.1613700873e-01  6.6494399377e-05  -5.1679160107e-03  -4.1305059062e-05
    7.1600  1.1104127235e-01  6.6851076933e-05  -4.9834318135e-03  -4.5453491930e-05
    7.1700  1.0612148965e-01  6.7783757583e-05  -4.8010883083e-03  -5.0910640865e-05
    7.1800  1.0137365439e-01  6.9255466893e-05  -4.6209912393e-03  -5.7588551543e-05
    7.1900  9.6793891478e-02  3.6769490651e-05  -4.5615011183e-03  1.8507699750e-05
    7.2000  9.2379320437e-02  3.8765536435e-05  -4.3838636238e-03  8.0581193296e-06
    7.2100  8.8124933989e-02  4.2297591287e-05  -4.2087509407e-03  -3.3379158215e-06
    7.2200  8.4026811383e-02  4.6231191142e-05  -4.0362555280e-03  -1.5635887708e-05
    7.2300  8.0081056509e-02  5.0535316061e-05  -3.8664660639e-03  -2.8753493279e-05
    7.2400  7.6283802383e-02  5.5176143486e-05  -3.6994674217e-03  -4.2610561650e-05
    7.2500  7.2631212619e-02  6.0120573650e-05  -3.5353406466e-03  -5.7128543252e-05
    7.2600  6.9121515830e-02  3.4208990351e-05  -3.4767556423e-03  1.2678433030e-06
    7.2700  6.5749059217e-02  4.0272822810e-05  -3.3161800011e-03  -1.6003789078e-05
    7.2800  6.2510013494e-02  4.6636256830e-05  -3.1586899612e-03  -3.3719504139e-05
    7.2900  5.9400670136e-02  5.3182077615e-05  -3.0043526678e-03  -5.1808613136e-05
    7.3000  5.6419715411e-02  3.1313782191e-05  -2.9470894308e-03  -2.5515116432e-06
    7.3100  5.3561404233e-02  3.8592353772e-05  -2.7966789515e-03  -2.3039872935e-05
    7.3200  5.0821970637e-02  4.6221472072e-05  -2.6496820537e-03  -4.3530070461e-05
    7.3300  4.8199835643e-02  2.7834166949e-05  -2.5935811253e-03  -7.1970196655e-07
    7.3400  4.5690372245e-02  3.5408533076e-05  -2.4509583598e-03  -2.3096504614e-05
    7.3500  4.3289245038e-02  4.3889662577e-05  -2.3118154703e-03  -4.5422073845e-05
    7.3600  4.0995899224e-02  2.7378141156e-05  -2.2573654285e-03  -8.6022443446e-06
    7.3700  3.8804238146e-02  3.6353949728e-05  -2.1228789187e-03  -3.2428210537e-05
    7.3800  3.6712376055e-02  2.3040376223e-05  -2.0692690710e-03  4.4735625795e-07
    7.3900  3.4716955968e-02  3.1122031206e-05  -1.9396074728e-03  -2.4690582223e-05
    7.4000  3.2814170989e-02  2.0211453328e-05  -1.8870108049e-03  4.4372783779e-06
    7.4100  3.1002143882e-02  2.7957296521e-05  -1.7621683048e-03  -2.1901505032e-05
    7.4200  2.9276431821e-02  1.8708606583e-05  -1.7106833448e-03  3.6798898731e-06
    7.4300  2.7635286953e-02  2.6779666860e-05  -1.5910470160e-03  -2.3318184612e-05
    7.4400  2.6074800368e-02  1.8513732415e-05  -1.5408916623e-03  -1.0811901361e-06
    7.4500  2.4592322472e-02  2.7348479350e-05  -1.4264884275e-03  -2.8640989607e-05
    7.4600  2.3185526682e-02  1.9444062562e-05  -1.3778094135e-03  -9.5423137983e-06
    7.4700  2.1850301338e-02  1.3713030706e-05  -1.3290569468e-03  7.5446338603e-06
    7.4800  2.0585771300e-02  2.1701248454e-05  -1.2214528687e-03  -2.1375921295e-05
    7.4900  1.9387907555e-02  1.6468643185e-05  -1.1744477227e-03  -6.9473787023e-06
    7.5000  1.8253878726e-02  1.2133762978e-05  -1.1276230544e-03  5.7279879056e-06
    7.5100  1.7182183873e-02  2.0559305879e-05  -1.0271305619e-03  -2.4004985066e-05
    7.5200  1.6169865742e-02  1.6390748174e-05  -9.8201370278e-04  -1.3913680027e-05
    7.5300  1.5214075799e-02  1.3260080687e-05  -9.3725514582e-04  -5.2747165926e-06
    7.5400  1.4312495072e-02  1.0588453260e-05  -8.9281703169e-04  1.8247577754e-06
    7.5500  1.3462842576e-02  8.3583682675e-06  -8.4873523821e-04  7.4411102552e-06
    7.5600  1.2663431595e-02  1.6841901128e-05  -7.5875212809e-04  -2.3816951094e-05
    7.5700  1.1911569602e-02  1.5050960239e-05  -7.1673807901e-04  -2.0072954024e-05
    7.5800  1.1204978553e-02  1.3783694017e-05  -6.7517574738e-04  -1.7631607936e-05
    7.5900  1.0541641205e-02  1.2853953741e-05  -6.3393074314e-04  -1.6552650394e-05
    7.6000  9.9195272860e-03  1.2315267192e-05  -5.9324755755e-04  -1.6551094663e-05
    7.6100  9.3366090965e-03  1.2122999440e-05  -5.5311551132e-04  -1.7679678780e-05
    7.6200  8.7910301592e-03  1.2218284406e-05  -5.1337105820e-04  -1.9989594635e-05
    7.6300  8.2810040128e-03  4.6218817320e-06  -5.1105196011e-04  5.6476954413e-06
    7.6400  7.8050490588e-03  5.2545969943e-06  -4.7120502516e-04  5.0466811977e-07
    7.6500  7.3610477764e-03  6.5075239180e-06  -4.3202553427e-04  -5.4682241992e-06
    7.6600  6.9471884679e-03  8.0086542398e-06  -3.9347811099e-04  -1.2372543258e-05
    7.6700  6.5618872381e-03  3.1733616115e-06  -3.8796001641e-04  5.8321481998e-06
    7.6800  6.2045367276e-03  4.4855196589e-06  -3.4961030657e-04  -3.2546842364e-06
    7.6900  5.8726016451e-03  6.8949929557e-06  -3.1183366490e-04  -1.3206424659e-05
    7.7000  5.5651528012e-03  3.2424938695e-06  -3.0418512995e-04  -2.1220075198e-08
    7.7100  5.2808702507e-03  5.6461222489e-06  -2.6680272345e-04  -1.1833704838e-05
    7.7200  5.0184356763e-03  2.9602782642e-06  -2.5770985927e-04  -1.7644367949e-06
    7.7300  4.7764101338e-03  5.8694536484e-06  -2.2078910454e-04  -1.5366984337e-05
    7.7400  4.5543805158e-03  3.5264117434e-06  -2.1038007610e-04  -8.1231301769e-06
    7.7500  4.3505212427e-03  2.2567058790e-06  -1.9913772264e-04  -2.4648446010e-06
    7.7600  4.1639923053e-03  1.2625896935e-06  -1.8710528043e-04  1.8389327785e-06
    7.7700  3.9939658505e-03  5.1010848977e-07  -1.7417079692e-04  4.6544505362e-06
    7.7800  3.8398040099e-03  3.4831932082e-06  -1.3696173109e-04  -1.3716916265e-05
    7.7900  3.7003430545e-03  3.1470161202e-06  -1.2309227587e-04  -1.3221663444e-05
    7.8000  3.5748573416e-03  3.0461346175e-06  -1.0854721274e-04  -1.3892365549e-05
    7.8100  3.4628081252e-03  0.0000000000e+00  -1.1502183623e-04  2.9726198780e-06
    7.8200  3.3635669198e-03  2.4265171285e-07  -9.8452709677e-05  -5.4584398019e-07
    7.8300  3.2763390981e-03  8.3400467416e-07  -8.1238633968e-05  -5.1551830797e-06
    7.8400  3.2004741702e-03  1.6159101995e-06  -6.3401303097e-05  -1.0847714631e-05
    7.8500  3.1358315960e-03  0.0000000000e+00  -6.5039715619e-05  3.9714147696e-07
    7.8600  3.0819028528e-03  6.4784068592e-07  -4.5425364060e-05  -7.8555385170e-06
    7.8700  3.0380764777e-03  0.0000000000e+00  -4.4725736149e-05  8.9936109481e-07
    7.8800  3.0043499380e-03  5.5440070483e-07  -2.3403086678e-05  -9.7690523376e-06
    7.8900  2.9803327174e-03  0.0000000000e+00  -2.0403194839e-05  -3.6140257620e-06
    7.9000  2.9655470598e-03  0.0000000000e+00  -1.6250742293e-05  1.4650846542e-06
    7.9100  2.9600909142e-03  4.5811660972e-07  7.8196193066e-06  -1.2817648270e-05
    7.9200  2.9639485342e-03  0.0000000000e+00  1.4223342789e-05  -1.0365722758e-05
    7.9300  2.9767636964e-03  0.0000000000e+00  2.1881704129e-05  -9.0665419870e-06
    7.9400  2.9985477493e-03  0.0000000000e+00  3.0639095223e-05  -8.8550422573e-06
    7.9500  3.0292804180e-03  0.0000000000e+00  4.0545819267e-05  -9.8131505894e-06
    7.9600  3.0689455176e-03  0.0000000000e+00  5.1600885597e-05  -1.1935786000e-05
    7.9700  3.1177257924e-03  0.0000000000e+00  4.5633301002e-05  3.1469738142e-06
    7.9800  3.1759282440e-03  0.0000000000e+00  5.9198666536e-05  -9.9621492057e-07
    7.9900  3.2433171029e-03  0.0000000000e+00  7.3927326528e-05  -6.5384676728e-06
    8.0000  3.3199673999e-03  0.0000000000e+00  8.9991563530e-05  -1.3341266520e-05
    8.0100  3.4067591702e-03  0.0000000000e+00  8.8764400950e-05  -1.9726306272e-06
    8.0200  3.5032227022e-03  0.0000000000e+00  1.0739311227e-04  -1.0929580344e-05
    8.0300  3.6101256498e-03  0.0000000000e+00  1.0851047675e-04  -1.6075291134e-06
    8.0400  3.7273271364e-03  0.0000000000e+00  1.2980010172e-04  -1.2598615095e-05
    8.0500  3.8557916350e-03  0.0000000000e+00  1.3335889012e-04  -4.8943915079e-06
    8.0600  3.9952020779e-03  0.0000000000e+00  1.3799362811e-04  1.4168147768e-06
    8.0700  4.1463986944e-03  0.0000000000e+00  1.6350010763e-04  -1.2303491120e-05
    8.0800  4.3098858641e-03  0.0000000000e+00  1.7075918219e-04  -7.2720125040e-06
    8.0900  4.4857994736e-03  0.0000000000e+00  1.7907194938e-04  -3.1583399282e-06
    8.1000  4.6746831404e-03  0.0000000000e+00  1.8866740513e-04  2.1626166261e-07
    8.1100  4.8770472984e-03  0.0000000000e+00  1.9941485508e-04  2.9493029978e-06
    8.1200  5.0935547676e-03  0.0000000000e+00  2.3265124769e-04  -1.6143778478e-05
    8.1300  5.3249253453e-03  0.0000000000e+00  2.4635001871e-04  -1.4979441033e-05
    8.1400  5.5714827747e-03  0.0000000000e+00  2.6130996248e-04  -1.4752533124e-05
    8.1500  5.8339160976e-03  0.0000000000e+00  2.7759246715e-04  -1.5159144180e-05
    8.1600  6.1128274852e-03  0.0000000000e+00  2.9530601208e-04  -1.6394624485e-05
    8.1700  6.4089059766e-03  0.0000000000e+00  2.9114764871e-04  4.9308426388e-06
    8.1800  6.7230140837e-03  0.0000000000e+00  3.1122400743e-04  2.8840996848e-06
    8.1900  7.0557486694e-03  0.0000000000e+00  3.3288607492e-04  -1.5148922119e-07
    8.2000  7.4077652560e-03  0.0000000000e+00  3.5603015533e-04  -4.0135686998e-06
    8.2100  7.7797474685e-03  0.0000000000e+00  3.8069209702e-04  -8.7098845416e-06
    8.2200  8.1724563690e-03  0.0000000000e+00  4.0686145659e-04  -1.4152556117e-05
    8.2300  8.5867115152e-03  0.0000000000e+00  4.0854895402e-04  5.7061922075e-06
    8.2400  9.0239413559e-03  0.0000000000e+00  4.3769665163e-04  -4.6681098449e-07
    8.2500  9.4843655210e-03  0.0000000000e+00  4.6850396411e-04  -8.0797990052e-06
    8.2600  9.9686586948e-03  0.0000000000e+00  5.0100508407e-04  -1.6711910238e-05
    8.2700  1.0478168197e-02  0.0000000000e+00  5.0677301034e-04  2.7364917692e-06
    8.2800  1.1013931136e-02  0.0000000000e+00  5.4247791942e-04  -6.7149806695e-06
    8.2900  1.1576236686e-02  0.0000000000e+00  5.7997881612e-04  -1.7673266118e-05
    8.3000  1.2166595034e-02  0.0000000000e+00  5.8908053541e-04  1.2778131154e-06
    8.3100  1.2785894365e-02  0.0000000000e+00  6.2991593756e-04  -1.0616607246e-05
    8.3200  1.3434389964e-02  0.0000000000e+00  6.7264795551e-04  -2.4152356502e-05
    8.3300  1.4114521890e-02  0.0000000000e+00  6.8513226653e-04  -5.0003399445e-06
    8.3400  1.4825940954e-02  0.0000000000e+00  7.3146157912e-04  -2.0042515013e-05
    8.3500  1.5570578683e-02  0.0000000000e+00  7.4624269943e-04  -1.6049702575e-06
    8.3600  1.6348977765e-02  0.0000000000e+00  7.9623996738e-04  -1.7840885821e-05
    8.3700  1.7162445137e-02  0.0000000000e+00  8.1326184820e-04  2.0552410885e-07
    8.3800  1.8012044263e-02  0.0000000000e+00  8.6705708809e-04  -1.7457962035e-05
    8.3900  1.8898813422e-02  0.0000000000e+00  8.8644095136e-04  3.2820732384e-07
    8.4000  1.9823953775e-02  0.0000000000e+00  9.4416106147e-04  -1.9020708927e-05
    8.4100  2.0788624417e-02  0.0000000000e+00  9.6602592978e-04  -1.3552869439e-06
    8.4200  2.1793757450e-02  0.0000000000e+00  1.0277945762e-03  -2.2661543376e-05
    8.4300  2.2841049929e-02  0.0000000000e+00  1.0522571684e-03  -4.9646899053e-06
    8.4400  2.3930756515e-02  0.0000000000e+00  1.1180837310e-03  -2.8377144774e-05
    8.4500  2.5065568077e-02  0.0000000000e+00  1.1452938250e-03  -1.0482263170e-05
    8.4600  2.6245065149e-02  0.0000000000e+00  1.1733055913e-03  6.1914807782e-06
    8.4700  2.7471920853e-02  0.0000000000e+00  1.2455821643e-03  -1.8726459859e-05
    8.4800  2.8746484969e-02  0.0000000000e+00  1.2764665897e-03  -1.9024740737e-06
    8.4900  3.0069912394e-02  0.0000000000e+00  1.3531969701e-03  -2.9769545154e-05
    8.5000  3.1444600135e-02  0.0000000000e+00  1.3870623561e-03  -1.2374615327e-05
    8.5100  3.2870405158e-02  0.0000000000e+00  1.4218537916e-03  3.9512315406e-06
    8.5200  3.4349623121e-02  0.0000000000e+00  1.5053064142e-03  -2.6088451049e-05
    8.5300  3.5883499505e-02  0.0000000000e+00  1.5432338054e-03  -9.3574208386e-06
    8.5400  3.7472434481e-02  0.0000000000e+00  1.5821584930e-03  6.7764826076e-06
    8.5500  3.9119097843e-02  0.0000000000e+00  1.6725705907e-03  -2.5907229047e-05
    8.5600  4.0824273791e-02  0.0000000000e+00  1.7147809442e-03  -9.6049958697e-06
    8.5700  4.2588611161e-02  0.0000000000e+00  1.7580582491e-03  6.2791212965e-06
    8.5800  4.4414657815e-02  0.0000000000e+00  1.8556546633e-03  -2.9608009139e-05
    8.5900  4.6303541747e-02  0.0000000000e+00  1.9023617603e-03  -1.3477829299e-05
    8.6000  4.8255844080e-02  0.0000000000e+00  1.9502037358e-03  2.0985978703e-06
    8.6100  5.0273444525e-02  0.0000000000e+00  2.0551964295e-03  -3.7595984382e-05
    8.6200  5.2358706885e-02  0.0000000000e+00  2.1066064450e-03  -2.1344085456e-05
    8.6300  5.4511794359e-02  0.0000000000e+00  2.1592174033e-03  -6.1299297597e-06
    8.6400  5.6733957599e-02  0.0000000000e+00  2.2130503006e-03  9.1129396243e-06
    8.6500  5.9027971088e-02  0.0000000000e+00  2.3281160679e-03  -3.4102578760e-05
    8.6600  6.1394811788e-02  0.0000000000e+00  2.3856921570e-03  -1.8851457339e-05
    8.6700  6.3835258579e-02  0.0000000000e+00  2.4445538813e-03  -4.1070901381e-06
    8.6800  6.6350671045e-02  0.0000000000e+00  2.5047218673e-03  1.0690599375e-05
    8.6900  6.8943896343e-02  0.0000000000e+00  2.6301900676e-03  -3.6964769680e-05
    8.7000  7.1615840507e-02  0.0000000000e+00  2.6942660142e-03  -2.2321850135e-05
    8.7100  7.4367380041e-02  0.0000000000e+00  2.7597093193e-03  -8.1697852525e-06
    8.7200  7.7199912358e-02  0.0000000000e+00  2.8265401658e-03  5.9921505666e-06
    8.7300  8.0115472611e-02  0.0000000000e+00  2.9627075550e-03  -4.7147301271e-05
    8.7400  8.3116430880e-02  0.0000000000e+00  3.0336001056e-03  -3.2641836875e-05
    8.7500  8.6203167835e-02  0.0000000000e+00  3.1059384641e-03  -1.9201508893e-05
    8.7600  8.9377038617e-02  0.0000000000e+00  3.1797422950e-03  -5.8715131967e-06
    8.7700  9.2639531378e-02  0.0000000000e+00  3.2550312236e-03  7.4615374053e-06
    8.7800  9.5992638189e-02  0.0000000000e+00  3.4048793340e-03  -5.1772523108e-05
    8.7900  9.9438785517e-02  0.0000000000e+00  3.4844076351e-03  -3.8260306820e-05
    8.8000  1.0297841172e-01  0.0000000000e+00  3.5654756834e-03  -2.5849481326e-05
    8.8100  1.0661289708e-01  0.0000000000e+00  3.6481024903e-03  -1.3617126411e-05
    8.8200  1.1034374806e-01  0.0000000000e+00  3.7323070036e-03  -1.4560235325e-06
    8.8300  1.1417250491e-01  0.0000000000e+00  3.8181081024e-03  1.0648744612e-05
    8.8400  1.1810123842e-01  0.0000000000e+00  3.9847931569e-03  -5.6059645990e-05
    8.8500  1.2213211232e-01  0.0000000000e+00  4.0750249146e-03  -4.4151011855e-05
    8.8600  1.2626575537e-01  0.0000000000e+00  4.1669032861e-03  -3.3260243578e-05
    8.8700  1.3050358187e-01  0.0000000000e+00  4.2604464180e-03  -2.2619909726e-05
    8.8800  1.3484711104e-01  0.0000000000e+00  4.3556723627e-03  -1.2143193224e-05
    8.8900  1.3929788872e-01  0.0000000000e+00  4.4525990725e-03  -1.8213993366e-06
    8.9000  1.4385746882e-01  0.0000000000e+00  4.5512443943e-03  8.3357055066e-06
    8.9100  1.4852740745e-01  0.0000000000e+00  4.6516260642e-03  1.8312564459e-05
    8.9200  1.5331023279e-01  0.0000000000e+00  4.8413124711e-03  -5.8487125653e-05
    8.9300  1.5820695852e-01  0.0000000000e+00  4.9463425216e-03  -4.9616797569e-05
    8.9400  1.6321876990e-01  0.0000000000e+00  5.0531522859e-03  -4.1340905874e-05
    8.9500  1.6834714490e-01  0.0000000000e+00  5.1617586020e-03  -3.3383602163e-05
    8.9600  1.7359360644e-01  0.0000000000e+00  5.2721781690e-03  -2.5716619488e-05
    8.9700  1.7895968731e-01  0.0000000000e+00  5.3844275414e-03  -1.8346674799e-05
    8.9800  1.8444692076e-01  0.0000000000e+00  5.4985231229e-03  -1.1289677193e-05
    8.9900  1.9005683726e-01  0.0000000000e+00  5.6144811606e-03  -4.5646589365e-06
    9.0000  1.9579096305e-01  0.0000000000e+00  5.7323177381e-03  1.8080499114e-06
    9.0100  2.0165081927e-01  0.0000000000e+00  5.8520487699e-03  7.8074506945e-06
    9.0200  2.0763792138e-01  0.0000000000e+00  5.9736899948e-03  1.3412113955e-05
    9.0300  2.1375377862e-01  0.0000000000e+00  6.0972569694e-03  1.8600276433e-05
    9.0400  2.1999989357e-01  0.0000000000e+00  6.2227650619e-03  2.3349884037e-05
    9.0500  2.2637826208e-01  0.0000000000e+00  6.4506283524e-03  -7.2259837587e-05
    9.0600  2.3288993206e-01  0.0000000000e+00  6.5810432838e-03  -6.9373303316e-05
    9.0700  2.3953627684e-01  0.0000000000e+00  6.7134303667e-03  -6.7085591140e-05
    9.0800  2.4631873965e-01  0.0000000000e+00  6.8478037821e-03  -6.5340966880e-05
    9.0900  2.5323877106e-01  0.0000000000e+00  6.9841774922e-03  -6.4146086609e-05
    9.1000  2.6029781707e-01  0.0000000000e+00  7.1225652339e-03  -6.3519219369e-05
    9.1100  2.6749731552e-01  0.0000000000e+00  7.2629805113e-03  -6.3482069129e-05
    9.1200  2.7483869447e-01  0.0000000000e+00  7.4054365896e-03  -6.4057634038e-05
    9.1300  2.8232337144e-01  0.0000000000e+00  7.5499464878e-03  -6.5269523175e-05
    9.1400  2.8995275270e-01  0.0000000000e+00  7.6965229719e-03  -6.7141710270e-05
    9.1500  2.9772823281e-01  0.0000000000e+00  7.8451785480e-03  -6.9698435912e-05
    9.1600  3.0565119410e-01  0.0000000000e+00  7.9959254549e-03  -7.2964164530e-05
    9.1700  3.1372300620e-01  0.0000000000e+00  8.1487756576e-03  -7.6963562730e-05
    9.1800  3.2194502555e-01  0.0000000000e+00  8.3037408395e-03  -8.1721486295e-05
    9.1900  3.3031875756e-01  0.0000000000e+00  8.3481162174e-03  2.5615791849e-05
    9.2000  3.3884592826e-01  0.0000000000e+00  8.5065923575e-03  2.0578340864e-05
    9.2100  3.4752754509e-01  0.0000000000e+00  8.6672354638e-03  1.4381365292e-05
    9.2200  3.5636483598e-01  0.0000000000e+00  8.8300563380e-03  7.2345584313e-06
    9.2300  3.6535906487e-01  0.0000000000e+00  8.9950654603e-03  -8.3657210674e-07
    9.2400  3.7451149502e-01  0.0000000000e+00  9.1622729817e-03  -9.8428283277e-06
    9.2500  3.8382337857e-01  0.0000000000e+00  9.3316887163e-03  -1.9805168327e-05
    9.2600  3.9329595274e-01  0.0000000000e+00  9.5033221343e-03  -3.0747966126e-05
    9.2700  4.0293043818e-01  0.0000000000e+00  9.6771823541e-03  -4.2696909019e-05
    9.2800  4.1272803806e-01  0.0000000000e+00  9.8532781350e-03  -5.5678259164e-05
    9.2900  4.2268993736e-01  0.0000000000e+00  1.0031617870e-02  -6.9718570913e-05
    9.3000  4.3281730236e-01  0.0000000000e+00  1.0212209577e-02  -8.4844573918e-05
    9.3100  4.4311230927e-01  0.0000000000e+00  1.0273888366e-02  2.1118545563e-05
    9.3200  4.5357630076e-01  0.0000000000e+00  1.0458508314e-02  5.4831699698e-06
    9.3300  4.6420963245e-01  0.0000000000e+00  1.0645424312e-02  -1.2092618796e-05
    9.3400  4.7501320114e-01  0.0000000000e+00  1.0834643062e-02  -3.1074372434e-05
    9.3500  4.8598801301e-01  0.0000000000e+00  1.1026170846e-02  -5.1358971027e-05
    9.3600  4.9713509292e-01  0.0000000000e+00  1.1220013519e-02  -7.2933611629e-05
    9.3700  5.0845557069e-01  0.0000000000e+00  1.1291703650e-02  2.8774115039e-05
    9.3800  5.1995306299e-01  0.0000000000e+00  1.1489843106e-02  7.6491992934e-06
    9.3900  5.3162671614e-01  0.0000000000e+00  1.1690336340e-02  -1.6683193235e-05
    9.4000  5.4347704700e-01  0.0000000000e+00  1.1893187650e-02  -4.2856793198e-05
    9.4100  5.5550485217e-01  0.0000000000e+00  1.2098400861e-02  -7.0595685385e-05
    9.4200  5.6771139082e-01  0.0000000000e+00  1.2179418575e-02  2.7120071714e-05
    9.4300  5.8008009942e-01  0.0000000000e+00  1.2368500973e-02  2.0763012116e-07
    9.4400  5.9171086870e-01  2.3070037269e-08  1.1646756616e-02  -1.5964272294e-05
    9.4500  6.0260825033e-01  3.4006789823e-08  1.0920008973e-02  -2.2593331403e-05
    9.4600  6.1277694731e-01  3.8838361864e-08  1.0188357935e-02  -1.9622122851e-05
    9.4700  6.2222176598e-01  4.1775287673e-08  9.4519043557e-03  -7.0439037197e-06
    9.4800  6.3094759512e-01  4.4111249642e-08  8.7107500272e-03  1.5123221841e-05
    9.4900  6.3896123857e-01  4.6175516433e-08  8.1038113408e-03  -9.0121719815e-05
    9.5000  6.4626979412e-01  4.8052197386e-08  7.3554706586e-03  -4.6867053528e-05
    9.5100  6.5287643803e-01  4.9765112662e-08  6.6027124865e-03  3.9811943462e-06
    9.5200  6.5879002503e-01  5.1323235719e-08  5.9896358946e-03  -7.5997579411e-05
    9.5300  6.6401764496e-01  5.2731854388e-08  5.2301948303e-03  -2.5221624298e-06
    9.5400  6.6856660079e-01  5.3995335350e-08  4.6138290694e-03  -6.4819241312e-05
    9.5500  6.7244319929e-01  5.5117815558e-08  3.8480315947e-03  2.8622018019e-05
    9.5600  6.7566033174e-01  5.6103376498e-08  3.2286390644e-03  -1.1450508716e-05
    9.5700  6.7822294139e-01  5.6956088141e-08  2.6085041561e-03  -4.5837547881e-05
    9.5800  6.8014031188e-01  5.7680019750e-08  1.9876830966e-03  -7.0254925940e-05
    9.5900  6.8142249928e-01  5.8279242185e-08  1.3662321296e-03  -8.3986456737e-05
    9.6000  6.8207975742e-01  5.8757828013e-08  7.4420751027e-04  -8.6890607478e-05
    9.6100  6.8212242474e-01  5.9119851050e-08  1.2166550057e-04  -7.8939065579e-05
    9.6200  6.8156089914e-01  5.9369385751e-08  -5.0133763655e-04  -6.0128591132e-05
    9.6300  6.8040563164e-01  5.9510506565e-08  -1.1247456422e-03  -3.0462347311e-05
    9.6400  6.7866712413e-01  5.9547287278e-08  -1.7485022667e-03  1.0054302041e-05
    9.6500  6.7635903375e-01  5.9483800351e-08  -2.2107897385e-03  -9.7241154389e-05
    9.6600  6.7349415284e-01  5.9324116269e-08  -2.8338044762e-03  -3.1017113792e-05
    9.6700  6.7008021126e-01  5.9072302874e-08  -3.2930648707e-03  -1.2081763375e-04
    9.6800  6.6613767507e-01  5.8732424716e-08  -3.9151433117e-03  -2.7334146417e-05
    9.6900  6.6167279459e-01  5.8308542394e-08  -4.3711988852e-03  -9.3623289814e-05
    9.7000  6.5670218670e-01  5.7804711903e-08  -4.9921481229e-03  2.1598041003e-05
    9.7100  6.5124171039e-01  5.7224983979e-08  -5.4448234188e-03  -1.5595669978e-05
    9.7200  6.4530309742e-01  5.6573403446e-08  -5.8952937018e-03  -4.3262688996e-05
    9.7300  6.3890179531e-01  5.5854008572e-08  -6.3435186776e-03  -5.7727577129e-05
    9.7400  6.3205354839e-01  5.5070830412e-08  -6.7894584901e-03  -5.8733365326e-05
    9.7500  6.2477414733e-01  5.4227892167e-08  -7.2330737249e-03  -4.6273105578e-05
    9.7600  6.1707941613e-01  5.3329208534e-08  -7.6743254125e-03  -2.0352457882e-05
    9.7700  6.0898521037e-01  5.2378785065e-08  -8.1131750317e-03  1.9021650357e-05
    9.7800  6.0051175218e-01  3.3554185056e-06  -8.3754300488e-03  -9.4672723745e-05
    9.7900  5.9167470659e-01  5.0338691245e-08  -8.8084828078e-03  -2.8512438790e-05
    9.8000  5.8248941720e-01  1.1390451795e-05  -9.0634642899e-03  -1.1043464796e-04
    9.8100  5.7298018183e-01  4.8139447845e-08  -9.4905849512e-03  -1.8602287865e-05
    9.8200  5.6316107012e-01  9.5750392777e-06  -9.7381806138e-03  -7.1356053774e-05
    9.8300  5.5305177484e-01  1.8653722647e-05  -9.9817931357e-03  -1.0884842494e-04
    9.8400  5.4267537735e-01  4.4611355286e-08  -1.0399341671e-02  2.2988793776e-05
    9.8500  5.3205117859e-01  2.2519651094e-06  -1.0635417410e-02  1.3470623249e-05
    9.8600  5.2119906874e-01  3.8386814799e-06  -1.0867450400e-02  1.9179228668e-05
    9.8700  5.1014109238e-01  3.0925507818e-05  -1.0916083321e-02  -1.1096753578e-04
    9.8800  4.9890198034e-01  2.5278896669e-05  -1.1139540704e-02  -7.4292432245e-05
    9.8900  4.8750102488e-01  1.8886909261e-05  -1.1358924719e-02  -2.3143833068e-05
    9.9000  4.7596060165e-01  4.2249097509e-05  -1.1393993835e-02  -1.0418029876e-04
    9.9100  4.6431008253e-01  2.3921162630e-05  -1.1604788792e-02  -2.1809164205e-05
    9.9200  4.5256843235e-01  4.1204781870e-05  -1.1630897680e-02  -6.9547720026e-05
    9.9300  4.4076148253e-01  5.4453574959e-05  -1.1652601300e-02  -9.9894945984e-05
    9.9400  4.2891644307e-01  2.2972138190e-05  -1.1850353738e-02  2.8286419085e-05
    9.9500  4.1705805773e-01  2.5641946573e-05  -1.1863262859e-02  3.0519462899e-05
    9.9600  4.0521293111e-01  6.4633012928e-05  -1.1691806337e-02  -8.8687268447e-05
    9.9700  3.9340596228e-01  5.8134458912e-05  -1.1696418052e-02  -5.2416327617e-05
    9.9800  3.8166079572e-01  4.7317111162e-05  -1.1696892407e-02  -9.5703342353e-07
    9.9900  3.7000459346e-01  7.4561458429e-05  -1.1514444063e-02  -6.7196738676e-05
   10.0000  3.5846011772e-01  5.0619668832e-05  -1.1507120687e-02  1.3264611683e-05
